0.3943460442384109
-0.3208912811865517
0.015140380879750726
-0.35618331725976904
0.3860705398005824
-0.15701387441019032
-0.07013959096444555
0.45220173992751345
0.48828201749598227
-0.609864106791401
0.1661421660050825
0.08710155084396655
-0.22687013501329
0.07115183111921797
-0.050512666940734655
0.16352776760345888
0.06612574066349157
-0.039596653867326685
-0.28045143751156065
0.24080973664097308
-0.23557130597308218
0.4484135414475982
0.3394428888612318
-0.09013882334298519
0.062060543740833425
-0.18210011639409776
0.32386097002820663
-0.11609706162288266
-0.23228385798635484
0.4699283472187703
0.2430064721366604
-0.3919440672226578
-0.05342149394429616
0.020604056457421697
0.5041901353250489
-0.030220315078523113
-0.08004476593379849
-0.3399237143846983
0.03953746155507831
0.05204439485535219
0.03850599723039552
0.27662658069506474
-0.01517912676252688
-0.1334941497341116
-0.12295401702688327
-0.3103237243939332
-0.08054702226382011
0.822431882846975
-0.17314236199114563
0.060259733264184726
0.1905664953313157
0.4703515911962431
-0.09366219517384675
0.029934829005096777
-0.8390489903787449
-0.24017779279025436
-0.22920630769715147
0.42426163465496547
-0.16255244342551287
0.08701714946969258
-0.11954495236639638
-0.11690660417159233
-0.396739160574228
-0.050729662599162555
-0.06710772764057567
-0.7277699822891802
0.7347192622631654
0.12580397266823737
-0.6211796139617914
-0.47340427848188116
0.014002938514105754
0.2527044794447824
0.12274478721691041
-0.05547291948842662
-0.10313777807299618
-0.28314632239031184
0.19657027131055493
-0.24548958584548214
0.08849996312066014
0.33765010459605155
-0.02098927761969506
-0.2920465743558197
-0.2794733240723564
0.09438879306108089
-0.18582527893064912
0.13015637275961794
0.2606304349530895
-0.4197298925058883
0.13268700236208483
0.3431082971467494
-0.2175070723980065
0.7310512270496657
0.020481541757107116
0.5229862319599029
-0.3897835566423074
-0.21623279930264128
0.4712831857766176
-0.2829431588020455
0.43430217802294474
-0.21267861424036127
0.7626468854867565
0.4970738542169376
0.05036582744280038
0.08047316930673898
-0.04127457168696661
-0.0767875324048855
-0.3448127514672422
0.07003723891396987
0.1732087985494432
-0.1348762112621015
-0.1052855170821249
-0.25126984896258076
0.5373164475451178
-0.14084854055099197
-0.7471455478492239
-0.2523991473115543
0.8643732814706887
0.22747654227728167
0.10477698491551177
-0.16006381838772005
-0.17291865893756816
-0.03885535776949506
-0.5496329160121455
0.737441916123895
-0.5527602126035498
0.5491491597093063
-0.19652833903613207
0.03768967746969036
-0.3444402592928398
0.4833468374025698
-0.1597456133085701
0.21079125845052454
0.06476308512504604
-0.29565265210740005
0.35479909622805766
-0.2934782108744054
-0.02669526053166362
-0.48173125126292926
-0.47363782979857194
-0.15751633726882608
-0.28152753858222984
0.21731688133659738
0.04658090554918472
0.4312343116715344
-0.09848309596563987
-1.1067676317483246
0.6388501315377079
-0.4004990989466138
-0.08324860034865783
-0.26118083693810473
-0.23046265663843518
0.040023758008288085
0.09360377730257255
-0.04580123361820914
0.7736028318317851
-0.26038591424726454
0.22376508580789392
0.4497209772371988
0.43211928111800413
-0.08495106306447386
-0.2909089253252999
0.24381799290602282
0.48951114295068776
0.6244931879343762
-0.6056054542136621
0.023116508386996856
0.44263386998747756
-0.9443723819044948
0.4215529291111982
-0.23610243153441005
0.4873098593309739
-0.3244277939071862
-0.5154906777441921
0.33987240016937836
-0.06970341655935411
-0.43921904762026087
-0.16373990720211035
-0.5653582147837405
-0.01773782958386031
0.19025906663163525
-0.2132549068470887
-0.20792653409477796
0.15666014823453697
0.309712790641903
-0.5185802417160326
0.2689203686395342
0.3995952606762268
0.04150267977525397
-0.40537771252338217
-0.18213861037532797
-0.14656510343560925
-0.17184029816434704
0.20850562005392076
0.4960919349721599
-0.6697656961882331
-0.20642997157904672
0.1716401660157148
-0.21501954859202688
0.09511761205657994
0.02221941438446593
-0.027327975668192128
-0.5225934698826304
-0.2987277792879938
0.5662618334073709
0.3754814513522981
-0.8175802998337236
0.48915036268051426
0.2795775824080603
-0.6288838755309996
-0.4095803556077508
0.20645449201485722
-0.693759156025219
0.22360097855956373
0.30665500725983197
-0.2867663123338413
0.10363559773230964
0.6357756012000026
-0.6284728820478168
0.2261853248338958
0.33695482183864484
0.4025474899787368
0.4533016030796148
-0.08429126280371711
-0.34554633007731383
0.3391615747047997
-0.19763444355556678
0.17680871869266762
-0.2705054065325783
-0.25409482463187116
0.6774417207804907
-0.38487106596439985
0.4141822599556562
0.22896976814939107
0.16165860185582717
-0.05229834591953191
0.4744834423184788
0.1052462340221869
0.14182704853383182
0.11638026009607416
0.017141817333363757
-0.3072023602922912
-0.471599127738582
0.2500626141270425
0.4200408361719258
0.19772323314463172
-0.3003397132821512
-0.4433947881875614
0.6255609126721825
0.17040094551069976
0.13440242037581188
-0.12920911568081636
0.1135205122762073
-0.5703834996950801
0.20733718013496297
0.035451764134438624
-0.3828864811601153
0.4131711305714584
0.18096593536561315
-0.09703052907960302
0.03205013715694825
0.500247212549066
-0.15013671925804958
-0.17163171610535272
0.40274320535072483
-0.21916971163816268
-0.08601958355496965
-0.07936148241535088
-0.07998791003757756
-0.05862824783843203
-0.4274135479619612
0.14317310302484576
0.00789102178786557
-0.3214940202248331
0.65728365639425
-0.19307225019953644
0.5188563064462652
0.0474453489930721
-0.5972498578395796
0.34969324540640423
0.4058564272563578
-0.8425487138249156
0.16135487975344323
0.587038104963229
-0.25118951777077414
-0.3629405382131002
0.3800407835411028
-0.2108223198692837
-0.05752725269376088
0.3983260462234733
0.5242186834127146
0.260770258816649
0.024000449378043902
-0.25377729731813586
-0.13539768274420647
-0.0914734492947659
0.10378373334588689
-0.5039746864986149
0.1811220782420757
-0.48233870269036194
-0.027617544652612167
-0.026123239302566974
0.13837936125457118
-0.2519691359312118
0.8258570395184132
-0.505653797924933
-0.3838366266883994
0.42573401686974094
-0.3367993229069176
-0.1621904658171228
0.7841237552223203
-0.24155364889404185
0.38700675410492447
0.05070799731320057
-0.0024588964107114366
-0.5998905943913364
-0.008433923822540644
-0.10630281855937941
0.47358514012981434
-0.3964964681161282
0.013708331007982997
0.3015766339016508
-0.37072822369191977
-0.2857487384415598
0.1696910568284683
0.26384681656141046
0.5092703900836202
-0.08671055575103691
-0.21669721133712175
-0.10967633697128391
0.05767148766887254
-0.13934195235596172
-0.2747344022935874
0.3084822677312364
0.07257584313078946
0.2304149350819798
-0.06576956534090772
0.0826953908111553
-0.21776628935151796
-0.4784087160359458
-0.41765156790696284
-0.0838870232855272
0.34319039722566624
0.18888482096236062
-0.3771058403472706
0.5180641835332757
-0.10752114075244792
0.040607624024452775
0.17733375315280575
-0.45775610277150947
0.4120581845381011
-0.5778570621488469
0.2922369565621037
0.3571983668769546
0.4026910062591222
-0.41904938656755986
-0.15082701761476996
-0.3260282175824072
-0.18878897155481592
-0.03199833993287046
0.06115466733809285
0.6138079795647923
0.12952181790619663
-0.0185307540082259
-0.4338213286931593
0.44283825904774143
0.3936698785372752
-0.3510582087087425
0.14433488164428598
0.28971990119206253
-0.270626355621045
0.15977008178880703
0.36293931693205017
-0.16944842883462397
-0.33756250190707743
0.15360264678613003
-0.13086240470121993
-0.12034128224426174
-0.3749110149458156
0.13245901998393395
0.23626640755031114
-0.261817398337535
-0.43469774764390134
0.040275959529685164
-0.37950776472714287
0.024114559925261587
0.4910879816840695
0.13605957878572283
0.4236566867394211
-0.10956879452338289
0.21145728403958564
0.11370540031046353
0.20875245038239965
-0.3218207542713377
-0.09267564371021239
-0.20405171167331793
0.3219705269861239
0.036555424206800045
-0.46736539515350317
-0.06954009592492799
0.0838060476752945
-0.6002139035273415
-0.1747375880778499
-0.24050915685944002
0.4316518288344231
0.2686055812628928
0.19874158966254474
0.06700777734918467
0.2932780534686428
-0.5561687910437191
-0.2007598384876962
0.5173752987981544
-0.054403776422465036
-0.34055712891928197
-0.47956863435472424
0.36194517551595823
-0.3589788025366338
0.3897674100961422
-0.14837922945174556
0.06508083972176876
-0.5968825571986581
-0.16577253318873855
-0.021788117861558928
0.4112471325447048
-0.11763268613942295
-0.013843790708449056
0.7212775935180905
-0.20964734731872994
-0.07033255517695698
0.13666233702500435
0.1573865345827283
0.1536851236219873
0.24152956448853102
-0.45372134593715535
-0.1788880546453157
0.599605559193951
-0.19419730871318475
0.5181646204293849
0.4083967424316231
-0.7016725173809957
0.01312058839392652
-0.05164274797546662
-0.10282430759075697
0.3551319756053829
-0.1172841392701631
0.667832869815999
0.1624224239649656
0.60795673911044
-0.11547085154605244
0.44825349403419795
0.41771039371375746
-0.06261985367547936
0.37139143585898354
-1.017586060022269
0.22619648238491194
-0.9118006690400018
0.13960220355592698
0.27051376072569827
0.18962674269045132
-0.1315812275530958
0.2582066687846482
0.12191783205484541
-0.16365464839456795
-0.44501953352462387
-0.22715971023818898
0.5372386571204782
0.22433621400456072
-0.33500345252048247
0.544069096468382
0.275624500808485
0.29428474650625613
-0.6659683606475701
-0.10244232160255813
0.21961768923547215
-0.234505263854648
-0.3611816578320018
-0.36893598172704256
0.046725547134635705
-0.002899277339130813
-0.42332162836495485
0.04839544525158298
0.18056188428675804
-0.692507780123593
0.12465895362380154
0.15170668242399
-0.15406596523124017
-0.3298168283719471
-0.27012308074668456
0.5011903115747852
-0.4329933445877185
0.1656502884021564
-0.1285255640651002
-0.5674199143655813
0.1280554026848881
-0.47662168690375933
-0.12908706281221616
0.2894009964472444
-0.18536608497347506
-0.663748993009148
0.37386375262083454
0.39608041360754903
0.13474919945501862
-0.02153199875772717
0.06518977336880782
0.05388861545056514
0.033545566185171724
0.7155368806530661
0.21362165043075326
-0.49617812011277485
-0.20695319980226756
0.7635481129405158
-0.14430170108735269
0.44621889409346416
-0.3473219440502603
-0.21529749144603413
-0.06427305687071139
-0.05893519688570267
0.14342713697737178
0.00343553419716827
0.3745055729657548
-0.27568949805244836
0.28794152332294154
0.08617077768404273
0.13016862612450295
-0.44159229411252215
0.20460969373996915
-0.1752822196684309
0.21493421689666842
0.3528607561880152
-0.09568724329003214
0.6050466704948944
0.2750440219907428
-0.16512985431620106
-0.3273209796576685
0.33121773777380015
-0.31141089650153403
0.15866593614390073
-0.0017583522147324724
0.042309364216915155
-0.2533887622461429
0.12503087723284956
-0.04363201236097074
0.24853688961775108
-0.2176476523116153
0.2420348495045945
-0.5575849861093128
0.285681573540414
0.1033054076073272
-0.4791605113702469
0.12910735042430815
-0.21096846992974574
0.3408747994288365
-0.03592838150305885
-0.34730915841359605
-0.034260263602939864
-0.18201222372338557
0.1859570180800975
0.523123926598399
-0.42463807302914786
0.10349001855289522
0.14508100990044306
-0.42424701025724504
0.794135893281338
-0.0967911756299969
-0.002886656358094579
0.04908798970540063
-0.051208703179841046
-0.38136576268058686
-0.335582922221057
0.5350677644300623
0.02770950183970416
-0.07995297978830149
0.09260968086144038
-0.12080904353558028
0.4368985853373356
0.4295091624009893
-0.6904418710281766
0.024708680915063078
-0.5646632363120897
-0.4085501280351166
-0.3116652339479971
0.5974499134607096
-0.04315932576974387
0.6467154586467125
-0.15790889706521094
0.427025577200231
-0.14723702779527284
0.13190912600226598
-0.36318846327658255
-0.012023019556700572
0.3863336240389903
0.17066652901686716
-0.3952082435429174
0.031288118978531024
0.1377676195703691
-0.06274258818949394
-0.06167238087360032
0.6502334578803468
-0.6250810179649054
0.25508589500929446
0.1625683125055002
-0.20766468689438614
0.19321680613907025
-0.6005905732949465
0.07132216520423693
0.11738112738099395
-0.04460843732870608
-0.5328874444851036
0.3700014405642305
-0.48243041614603377
0.4442593080043021
-0.39351933224515195
0.18009004744671772
0.17766143345488408
-0.41628938585785336
0.24385559290284436
0.44958065471767544
-0.8433448475050221
0.03665835969280458
0.008109808610329236
-0.13583659264080777
0.36486444307574584
-0.26208290793598954
0.04593753515742604
0.13286089853980987
0.17807423703008293
-0.22319440005805977
0.038545160830382556
-0.3341993974407032
0.186214717910452
-0.12404839908284095
0.0995297545762354
-0.02768972381055765
-0.18506953669715812
-0.0824075636779422
0.0582913145663336
0.46110218168484657
-0.21844347406132958
-0.21238930370307627
0.17550141570641986
-0.22730240656614648
0.06490815869026267
0.41635363624335003
0.39258535843008385
-0.06775601996383387
-0.2949077897864016
-0.29243194017286495
0.5532485033305834
-0.05783173965572465
0.19063143152106365
-0.1339655008857957
0.6034453315594861
-0.6839927351872347
0.3693670153189953
-0.1978693652244887
0.1507479545400972
0.16396964073974313
-0.36788666738811615
0.24841832368683825
-0.05807022657612355
0.15399019452031554
-0.6497827501187259
0.41884819597128226
-0.018220859124744877
-0.11055823448098731
0.26397507688920996
-0.07074011603780841
-0.06214411564934075
0.30825877644500654
0.09634452431348091
0.055840178985000655
-0.3324864347893041
0.10925830671052832
-0.2951151396470757
0.12851815711467054
0.457040608822892
0.23824423407199694
-0.2575307633854908
-0.7582943288537758
-0.1828595082764884
0.11432958759563965
0.31869079098976055
0.3592567824261088
-0.3383090999045485
0.4514119407834422
-0.3389517446213186
0.38968250955541345
0.12050806652231563
-0.2442222074356915
-0.7617864525417176
0.5209035414174052
-0.7535337408415792
0.4493373787067871
-0.07811461630773657
0.4188261467018376
0.007001999737446272
-0.31952422517212736
0.01600915074770873
-0.021850459351277263
0.19035644638879579
0.5153856380734814
-0.31331191091675514
-0.42012869258755486
0.387329762946523
0.09534917722179005
0.3052982787946309
-0.3982886379413513
0.21752175919474348
0.305898667057902
0.07810389416160937
-0.07968781939043933
-0.399774924923819
0.3036650190744164
-0.027748747030692633
-0.06759420598479532
-0.010799565667578682
-0.2628421040240766
-0.1780805669396724
-0.2741908682034439
-0.09133683435047082
-0.22804558450914716
0.3262728836065659
-0.5762034002093984
-0.20977706559583256
0.07916850139342257
-0.11539083154812083
0.4831162401244417
0.3545440007251758
-0.09449435722375157
-0.19545514005868847
-0.28644257228104997
-0.31095386613808973
-0.03043729845753862
0.14751840950143943
-0.15617263206548224
0.03371727636023483
0.45867162983510074
0.3057885162973602
0.041804917972605125
0.044651298660326647
-0.20699127513973356
0.08634296757499436
-0.07610664940177743
0.1100963024001164
-0.4938256401252619
0.15627453741164082
-0.0749259945779046
0.19360605908194842
0.022017563460621774
0.7556615377666542
0.021258852277502696
-0.12590790604933408
0.42853438284288764
-0.9329075805063367
0.26118243728172935
0.2856543591770625
-0.4863401674872947
0.04948894866938358
0.1299407805171317
0.2090518330045705
-0.5397521687977924
-0.047737293599461834
-0.08873573125329877
-0.1439892159333272
0.07089666036253307
0.37042388708288887
-0.17807772725255297
0.14117010706360283
0.1192181927594747
-0.3186099196882254
0.33552262560275514
0.35340211158319906
-0.47993578990138197
-0.05427366870924457
-0.33530639107219773
-0.28998012006253876
-0.32459124219551405
0.739391345064243
-0.09216158049257465
0.13335326226534047
-0.43254141021188214
0.3382823082019705
0.05271770257292802
-0.01073179269216682
-0.44388908436902214
-0.11492206694251021
-0.25989383335770455
0.3742526477539714
0.4648954760904142
0.5465622367450078
0.36628866880483996
-0.14363732457381787
0.40083946399808557
0.020238423880301636
-0.612979743173922
0.508175174559518
-0.15431307252258802
0.28961429685581797
-0.3396245935813887
-0.020325181075790035
0.1484485255491432
0.21165746381996495
-0.10034471655005221
0.18189803560526152
-0.5022963400117093
0.03805974927348626
-0.3546435877817405
0.2695797623693953
0.008345662576142231
0.252132361594294
0.1518610327346835
0.35600095323371594
-0.06362737672806354
0.012634188416213457
-0.07662750028114892
0.24630277501586667
-0.21357187265458794
0.03690936081133985
0.478173432838631
-0.5110082102607375
-0.058395816045726384
0.43202021867134877
0.38182148337128924
-0.42507116494853125
0.01805303993123439
-0.41250648994408246
0.44803174428119047
0.10898930047203756
-0.3301087259921313
-0.2229489963277488
-0.2297057829591377
-0.37484356119476814
0.11795952679790905
-0.5380723859049913
0.3630025240463545
0.37900596465671904
-0.22968114613998505
0.04816771348584795
0.034575645468884995
0.11349542649752421
-0.9506980496720041
0.409996543036622
0.5697087628742342
-1.1488293348253202
0.35674724777680117
0.49706930960862084
0.11277988146602992
-0.05799262811258709
0.3050605392696248
-0.21929276255066557
-0.13829598422062442
-0.11561042233157565
-0.3688847083255712
0.5723950827790943
0.050013633041105565
0.5523803946050945
-0.5286370576488998
-0.2080880727415901
0.35662363010666076
-0.44322989950345604
-0.03234728799320301
0.07437188919545133
0.08323185807578433
-0.34111538199741925
-0.07699890939813547
0.3698260840890475
-0.3652351906299581
0.24774873947457815
0.16140400859713977
-0.2603172607066718
-0.11522583436239224
0.19474563397390235
0.23308249944390777
-0.18259900826824998
-0.09805829260924587
-0.10532212923072289
0.42414756646623436
-0.15646142747971423
0.6596280786687477
-0.19154611219621479
-0.24386121520765683
0.29677866608558334
-0.038382539066996554
0.4423839685023024
-0.18253206799049346
0.3422042267862223
0.10330474434300989
-0.04138559182905983
0.15745171378265804
0.03825069772046141
-0.05915627816752028
-0.018766643671084594
-0.08810764445735694
-0.48227996445427435
0.36832258996061457
-0.41722526456523645
0.09493742114506114
-0.2964056234458932
-0.287285035637851
0.28565112250733177
0.022318290413816177
-0.2792961908237432
-0.14844178638083466
-0.10857604445306321
0.21967076896224969
0.5595668733017202
-0.40846849009697556
0.46772296843709366
-0.06421636776581481
-0.3899032051160019
0.2207773791999282
0.2340085771034151
0.20024223008394945
-0.3596863991897874
0.13243088458930663
-0.09283963142427519
-0.20877498124287064
-0.1454693458986661
-0.26523598820181254
0.37960235376211476
-0.07387713029685965
0.09192963758942606
0.28515837213084994
-0.4650633925185545
0.25070778595063525
-0.41932629174116437
0.04014278455972156
0.016628521414096882
-0.25379749959231307
-0.3448845630736195
0.34518822574399227
0.031772958178471984
-0.026354602713126438
-0.10765508369144149
-0.12709121942009677
-0.6563079961342079
0.26038173929910186
0.03451038053912129
0.5178909820348014
-0.2444268160721966
-0.29483140070292574
0.59121170019688
-0.133613888851198
0.2937057950201156
-0.2499057223282146
0.1697878751900023
0.4022425815043501
-0.02160538391618316
-0.3355425769260539
0.10435201623354545
0.07064351893323767
0.1418427655516855
-0.11631948397022551
-0.5071318533430104
0.5315776796739246
-0.372407117090113
-0.18422696234313707
0.30882047192791967
0.2400542920919559
0.1534511370273643
-0.38396025789822974
0.24574902544248814
0.025483754323099055
0.031058156954901116
0.19155557845271365
0.11332877811106377
0.531299622332916
-0.7633186410679704
-0.07562408923522969
-0.06181456570537616
0.39567236337787515
-0.024325662303222927
-0.0573043863213273
0.023361049626465392
0.16010336694679678
-0.03359269962226728
-0.13909841068326953
0.06177644695555495
-0.03081643269525359
0.0019535341838289016
-0.05030526892210627
-0.3127165354301622
-0.30824930235146886
0.1957099882191201
-0.03321578163124905
-0.2229598696544192
-0.16946053526562316
-0.02152460082572318
0.2907858876720445
0.008296756538840478
-0.34305135680751103
0.13897924309789098
0.23577462777374805
-0.2427943181353758
0.5514856505298459
-0.17140090805731073
0.33736305866383287
-0.11158538951867812
0.17415310779828694
0.11453530545205405
-0.5527840832724102
0.3181338595525302
-0.380639329865777
0.38655872887222625
-0.2614446440359913
-0.16789583761265053
-0.6120737577607134
0.415102914970293
0.08833860754868214
-0.0782131119177406
-0.4058161556126686
0.12643535619959997
-0.0031076904436924007
0.012338566808262917
-0.18424711126276802
0.1437261573251317
-0.30415552524370837
0.28994402920057105
-0.3942146280352033
-0.0337749698458427
-0.4179126854238698
0.44121852773694015
0.043395390651708186
0.2653452070617617
0.7286814340973017
-0.22809263545757574
-0.40749858350799656
0.2627497912718779
0.049154108168951875
0.3546849299728963
-0.6244266679810994
0.45402748635312157
-0.24688466837044784
-0.414718331840048
0.903230567250747
-0.8631235482376262
0.049887367973583556
-0.4647982705617352
-0.0029945938664358387
-0.2757268748919583
0.37994552447170765
0.28606294786672265
-0.4889025569461925
0.28298499523103704
-0.6119122217697744
0.5070719553206671
0.0973261021581801
-0.037153676241819054
-0.1949286978535823
0.11287902443082483
0.44542435325097024
-0.5253843347212838
0.5255102072819605
-0.4016010864216922
0.4353424464984203
-0.37743279076630654
0.22605789568778
0.13489465359576264
0.14027842950037336
-0.4293863928523182
0.12914659703631745
0.26578149441319077
0.4208323801326452
-0.2752333040727218
0.5527471493422291
0.5399658249588015
0.26544784747781824
0.06759024713930238
-0.02688452976505623
0.3067571012583407
-0.3775883031253918
-0.426342336032656
0.04888708184203128
0.20208823805801543
0.1526147739146953
-0.17059197500010806
0.04964547988836637
0.13550497738174544
-0.13565305362658145
0.04520676817073121
-0.20410965794356908
-0.6413534821280982
0.8915677911957494
-0.16220274294720424
0.5982461424453939
-0.39760465271582696
0.41246657918138135
-0.31100827415035326
0.03815745450786277
-0.13033288895165865
0.011486617430531481
0.037661234601308116
0.6585093945970263
-0.6135356123107363
-0.11063129436083978
-0.29452021198853034
0.4424575539721578
-0.1850838838473373
-0.51177919507928
0.015612883625497299
0.17834273735055453
0.18167482664880774
-0.5157981095210017
0.3456168823311011
0.18708398507469667
0.08300901104547881
-0.1433144960040557
-0.40071659503013174
0.019032359775299164
-0.15658828196495453
0.2300136218682547
-0.21394248580113476
0.06110663847835859
-0.6988832379722411
-0.2902123546596626
0.04956579756392972
-0.43482124345846357
0.11869964926209634
0.13131924851621546
-0.3604792331491914
0.12762042394350556
0.2679542140817997
-0.13887251146614302
0.1318542519971155
-0.01986514693912515
-0.347212867085196
0.6647560547786167
-0.44339275551257745
0.5177169498093172
-0.10971275276146149
0.11581433291083251
0.10521511055164663
-0.6146679803678999
0.21994566290180434
0.13363749285935608
0.3193029064985325
-0.16279340787586005
-0.41017960526042685
0.20038189107803028
-0.25163896945291736
-0.23427825836713737
-0.1601100345791779
-0.26354057243379125
0.006916451785743509
0.1261959395446604
0.024563715218198917
0.2417677703480017
0.2539778569913303
-0.19299241360275424
0.43478448008013515
-0.09047459332077559
0.23400105717961528
-0.7187574087861716
0.052396630146189664
0.0719483738692388
-0.38902783611371905
0.04634040459873596
0.2742341336520168
-0.810027439189374
0.12781058311403098
-0.2618245004299436
0.6327667331713073
0.22508926672072024
0.05977745060033782
0.3559550128135771
-0.051697316744136544
-0.291489029559574
0.04717373974046466
-0.09239975471639991
0.09175322438522161
-0.3080449761781157
0.004969875437679713
-0.4879566652683462
0.12792555630414434
0.013582501816667761
0.5562029525824109
-0.35344593667595686
-0.0387328737106487
0.34301023866108615
-0.31076979485648276
0.10716450294982915
0.11106785764984083
-0.7128054428065265
0.08955207296292858
-0.15949373540045028
0.4139862437257375
0.2668257251847151
-0.1983235987953751
0.36746578120339224
0.2430461888821987
0.5591228175819595
-0.25838626986460145
0.08726583981288841
0.09979201438752427
-0.7309062646055199
0.09716873399877106
0.14176327833077695
-0.27850296676071523
-0.6086646459500669
-0.14514569617446982
0.21538763515192821
0.4409561879134232
0.12552454025192794
0.4772236228498798
0.6556255228087764
-0.0993317833867222
0.35439842049428805
-0.4674076781400328
0.26791512379933313
-0.3072835446544565
0.00948535358151308
-0.6619263068581193
0.053179771666569065
-0.04933194932380192
-0.18613034567608308
0.9132909808284959
-0.7334860218342621
0.4206361715819812
-0.19909511932466367
0.17533904717248516
0.25489532494275013
0.08246514471208076
-0.1670758194911023
-0.13128116598294046
0.2579852032269999
-0.3098750732164931
0.18729598261354855
0.7185806679398615
0.14952791872714646
-0.05472382371306922
0.4756811461121831
0.26800223596935296
0.12617966239300404
-0.25907453287795784
-0.17470092052600578
0.6058052857072128
-0.7628208982176162
0.06053341469260388
-0.04123861422101977
-0.3571055894427719
-0.4461331636523521
0.16884451343567122
0.8231928372965164
-0.49354616121461237
-0.09160659387083013
0.12692522150987226
0.0720380424487436
0.20920451833464548
0.3338257118238877
-0.2646239234643929
-0.1731572097070639
-0.36170768780412266
-0.16190148419918796
0.06771377432938076
-0.595683192493832
0.3830211473453017
0.03228347869501699
0.854960089807043
-0.23874463316852612
0.12569768308699825
0.10605478506671397
0.37149447979027234
0.14402571719740978
0.314718062345726
-1.1015450215018394
0.09409211581041763
0.3024314448292643
0.14746492242371792
-0.2981628752044555
-0.19606583005306857
-0.3132995250093277
0.4317759685776797
-0.7804692408039702
0.30570991976538
-0.33028896042394745
-0.16335016952888803
-0.41880747089922354
0.02279584141335618
-0.1623494081027468
-0.3458172916170026
0.31675023429704885
0.14759476201696253
-0.26208589762583084
-0.21281681993509355
0.4106070034059775
-0.19450015873639956
0.6949990148096077
-0.1808546588834076
0.5815184438004325
0.3850731660556745
-0.41670910596555644
0.3790445205125098
-0.05264676503772998
-0.16691440717616243
-0.44078234479565187
-0.08412427362008172
-0.2553938264719592
0.4523721093239164
0.2036060614319865
0.5164952331442357
0.12053323687326148
-0.15501583743393063
0.0484657724098851
0.01219552838810931
-0.7256781118983407
0.13658256152755777
-0.058791940787033786
0.2520457846031286
-0.06288328035598295
-0.35564206117827624
0.48280591932729083
-0.4637939925253229
0.571908648991525
-0.2701550216791064
0.029919425416411134
-0.11317805656172807
0.39199743024549016
-0.033691177984962586
-0.04346343077812173
0.016278654021599698
0.5547602172601553
-0.6150771122544203
-0.16342034031434444
0.314651442215349
-0.3704104732804411
0.4776657070456804
0.3305279721677719
0.056672384738797696
-0.25012759788565575
0.045954383538388204
0.46545013280473485
0.13125879544872918
0.26964930070273213
-0.21733655026552945
-0.16255009743205495
0.33829937786119785
-0.7347527065316011
0.28518761497003814
0.44224790779580353
0.10190123610936783
-0.23051079022323004
0.5002276102390829
0.44448719484961197
-0.09845095226523053
0.16488871592187507
-0.07721073673599696
-0.19366428587734624
-0.5547137969650301
0.33832230999319696
-0.14766511531408907
0.16322025949222804
0.5360933658654934
0.5796321010016513
-0.2359491460064367
0.13070578912394346
-0.17195572060076972
0.1330902377215291
0.6634298894404925
-0.43224066466225464
0.3560823554021436
-0.038718094556757586
-0.6389358360669876
0.20520809196892117
0.4413780825446443
0.05933673222334992
0.044199197871041526
0.24951449543617865
0.1846574854309688
-0.020840445917611684
-0.03572583444054537
-0.37701121910584007
0.43427389509236763
-0.8351021629508195
0.18738991821284962
0.10954221978942869
-0.034400684686202346
-0.4276615820895753
-0.34527511928388793
-0.22768656551092842
0.15901858323997187
0.5075500846341966
0.14163948854485442
0.2570575189563028
-0.23438698517859002
0.636970186778797
-0.5361943106638707
-0.163928356589828
0.23816900178340705
0.3381796517772161
0.020570070906857675
0.023986564003712556
0.16655274725362657
-0.07228317827449386
0.21764886941317213
-0.040069780295270904
-0.14822943414049913
-0.3083020220312561
-0.16306305251041592
0.7847455615008158
-1.187854419539063
0.06029279175708549
0.2684029318655515
-1.176751043318937
0.7965523336325416
0.008918249909669516
0.44743905542380064
0.03502183870997931
-0.24841628966468224
-0.499544635652209
-0.21301650597320054
-0.0007667640389026736
0.15913699549405086
0.3327902773622103
-0.40307921794800816
-0.023637711506615273
-0.14856794535789283
-0.2709647220978549
0.20633544364180426
0.15376949701082054
-0.5124642471828719
0.38186033811408177
-0.040458467729241165
0.27203774447541235
0.3018947396275667
-0.13635259213386156
-0.07323345775571109
-0.032417852725246554
-0.0789807326547602
-0.3869940593657938
0.6805038086390025
-0.2307671567839992
0.0851296984515891
0.16430312168042563
0.1902468634181733
-0.2695236468930932
0.024247863163343954
0.4441090261793084
-0.7804171720809839
0.2571002600570688
0.14968847813469144
-0.08188608837764379
-0.3872061043238111
-0.3551055994475177
0.09711712674836533
0.4070904014132994
-0.3591916410517751
-0.19324132827988574
0.18473399501601512
0.686392961678563
-0.29142691907898555
0.680492208285499
0.013186573666745222
-0.376254331342042
-0.2626231052234431
-0.2868264009920994
0.1046083636846327
0.2837027495557831
-0.5187058493841766
-0.3067260748142562
-0.10797966966239145
0.14964499898335495
-0.0693974598178885
0.1787565936612043
0.16834775505756358
0.08714810938319145
-0.09838770345574242
-0.08008652291595432
0.22427441726567798
-0.5649440190348156
0.44374022281956765
-0.40901024317761225
0.23985189656048606
0.06113708288533579
-0.4603525308286505
-0.48926830837860646
0.15355845802082987
-0.347171772361113
-0.6071789657342441
-0.004416251558173307
0.4594256000754606
-0.079150237427074
0.4295216666910089
-0.19343753440757427
-0.1657826892905606
0.02260849642349616
0.11304338158154598
0.006901737442955165
-0.05855886283717263
0.07137211471979707
-0.08397125611444799
0.05302992155168344
0.2837966703530268
-0.010859575271764848
0.06426279034215887
-0.1773720847711546
-0.4352393789836544
-0.02353457267849324
0.09362291809186093
0.08053870781653799
-0.21753034042725733
0.41165669152210926
0.04747764497438482
-0.2681276482389583
0.38210205528798735
0.0713385413453907
-0.5267983922009483
0.03941429032090776
-0.1032731845089171
0.6312280074078639
-0.42093009212847643
-0.10311760830256692
-0.31677349398550364
-0.13689684656276757
-0.03033321478236688
-0.1458649828531025
0.3545555725885819
0.06517298548480176
-0.11486347217673794
-0.40751103366145686
-0.4993867606915519
0.10411883574366095
0.4208460826650466
0.17807409516591183
-0.041265192070701215
0.3053433194153042
0.32511345866671215
-0.460842335263095
-0.3826792321127094
-0.28984567435384706
-0.21988771732106216
-0.1430852514261098
-0.06302390248674002
-0.15131275194270563
0.08292091310861321
0.10260498943509845
-0.07504102358064674
0.029461405560100348
-0.20952002544866088
-0.008542475772750037
-0.4467419146890522
0.07942487070792795
0.2678905325299202
0.013939040663409551
0.08226443043121276
0.39086108863283975
-0.5874108666840732
-0.1957832919893099
0.130624619846738
-0.5730019428048738
-0.30522226644336986
0.37372304166670667
-0.235755487718512
-0.024164042785054126
0.279400613020251
-0.28444921532639056
-0.3449877004817532
0.1524543752548409
-0.2971048967337777
0.2575359475050278
0.26222425250081244
-0.028406471644518847
0.1984403743296667
-0.1549423968854135
-0.03898257746070264
-0.4351935074074378
0.4736265118449706
0.09217608473773041
0.12932247660883603
-0.6855384523642186
-0.5591358824420837
0.12599448036742594
-0.1902304887616765
-0.06809652111447337
0.04850554536053341
0.03782967430126132
-0.5006647051637511
-0.14264950447889108
-0.41380687893537943
-0.32868413042897815
-0.06505782390818196
0.06275073351921505
-0.2612391160468522
-0.35696235987259983
-0.19819316203256507
-0.01994334718943849
0.030044706658597205
0.0649698955453508
-0.09377959498192132
-0.098166880592815
-0.21121613134652154
0.014730791300551238
0.2085747448230096
-0.15549425642800477
-0.15830315420472188
0.1760639547096037
-0.1686460755752633
0.27729098634372
0.17544690495540782
0.28405586316966513
-0.37157833604660384
0.004456306975952302
-0.5833026454744922
0.29615401657889173
-0.024888511937035264
0.033308506270627126
0.3174485350346079
-0.4059518572973385
0.35952127491775016
-0.4035482198891454
0.14019074985220936
-0.44938154879345393
0.7797945019232436
-0.19755418006276976
-0.2098241614359408
-0.4751213066579233
0.06651817492445831
-0.251960699020493
-0.19856937416728881
-0.13028161587729167
-0.3623776105770188
0.13465467464745928
-0.33547509749788423
0.3883017811070518
-0.2864145013812531
0.5792478909733827
0.013265408686937083
0.6471870186128381
0.32640055637291987
-0.15843874599842364
0.262585752359262
0.2351940876392775
0.02625316667100405
-0.11444168541723412
0.24179380117948532
0.0005589549093447644
0.5499809848234765
-0.2680793835634613
-0.44981354026292747
0.614082219277331
-0.4326001160029531
0.6641897400025133
-0.4288098863915386
-0.3880257179594832
0.05384080950705447
0.4015360082022538
-0.6977026377906415
-0.11629562320019697
-0.765714135607567
-0.2644143425823865
-0.10062152698618236
-0.3944406434224947
-0.574621134929006
-0.4574451978097003
0.32743070729986345
-0.008090366663438932
-0.18217549797401003
0.1540951730509622
0.14477907006231752
0.24301143409794382
-0.7610075510817463
0.013465213944352482
0.629412892887655
0.5244349084731174
-0.38627834020464313
0.44911268276835564
-0.7358924052492316
-0.5172158704837411
0.27913819680594354
-0.6189883400613204
0.3070164152853544
0.3264115345455813
0.04150652712841875
-0.11127558669896094
-0.5383220075631273
-0.18317116784647197
-0.35808984873398514
-0.20760657256145748
-0.12392448671883013
-0.02332718522512
0.28254251774598216
0.018733979774194914
-0.15410297133887646
-0.011037016487580367
0.0825276638006751
-0.22902727232135459
0.12329597692886404
0.2028465762121417
-0.0443452138487218
0.06601477149651046
-0.3848505354063701
1.1360322781462602
-0.40398715831860715
0.19828249114390106
-0.16072682369054878
0.0859839329145478
-0.00352644535192243
-0.2974479633905507
0.21076498488319914
-0.2370053690254414
0.1004782917687228
0.27106854236359945
0.24086831894907623
-0.3192515682928266
0.012191980781863718
-0.46245933776334425
-0.12295120763237152
-0.10173876122865036
0.5026748490318779
-0.335710607619115
-0.00689492218489294
-0.37185395406904925
-0.11733654894734508
-0.14414720519669644
0.14769375755943615
-0.14122876708302098
-0.13167101538338163
0.0953222841095111
-0.5525431491990291
-0.09028849314413455
-0.09541059872728157
0.6584527398072912
-0.11691639533116228
0.14688305998590895
-0.04587234917705995
0.2000752923814059
-0.13089184468670348
0.13091373099954745
-0.20714627484106723
0.3688367745099347
-0.1248178679578182
-0.5806568350704413
0.10621749881167816
0.12547614829610476
-0.10970954790631643
0.030446359951210766
-0.11642011715903453
-0.3691990161033424
0.10864410230536853
-0.2243528921087318
-0.4383740043204605
-0.24402192606761453
-0.4877226484157415
-0.05947049509479128
0.03585742531729197
-0.12776759610794414
-0.19878364585023586
-0.2461753026344211
-0.024582474143285103
-0.28926481391994135
0.37678932115212643
0.23240769239863693
-0.01098911757022291
-0.04485157983875078
0.9033721259773252
-0.31490972886826163
0.2766859910799359
-0.3298508143829788
0.19752299677528706
-0.025871488477059418
-0.29754377849800095
0.036610719740029676
-0.7405927335041328
0.660254104498963
-0.21642516296221823
0.0018496295215230535
0.31088472103822207
-0.16388888493931122
-0.044776076919877436
0.0007271508767375096
-0.20659077781901727
0.06304690400403044
-0.11536915498965068
0.04051153169739117
-0.021528404046202102
-0.17006488465224506
0.14837484032098927
-0.3703795048383793
0.0577018400955926
0.8183507424979937
0.2226681277134886
-0.02332132606241735
0.21089552095274397
0.13234007657635807
-0.16829002873494253
0.4492900240536675
0.02659993177861391
0.05170095337119562
0.37010223100754636
0.033609770006989725
-0.03789015231353347
-0.10685154657605164
0.36082898080300657
0.22175751898228716
0.37984082890451387
-0.24462149432400376
0.42537785747080675
-0.3955864939433833
0.34092043170848707
-0.01807184227110466
-0.0938523092725869
-0.22546396525664866
0.30862778837478916
-0.21989826218883843
0.41906929698302003
0.36243707644593226
-0.26989641513210705
0.23527016174478807
-0.38469995477890706
0.25357404463456557
0.2615730837676373
-0.2687879986646637
0.17649813976316264
-0.34009457455712316
0.25901727226163784
0.3380418700593443
-0.13723956532379242
0.10897013223495952
0.18830607907601166
0.05798102423394574
-0.05479390547775495
0.5268355101742884
0.27378103916981894
-0.46078236336962103
-0.3001767497821784
0.11475849117648909
0.06076522502961974
-0.10507128634958726
-0.4757519965171284
0.061219472254770715
-0.4644707386030789
0.23966530411502027
0.040272498521500506
0.29982159819906623
-0.13287446073634143
0.14643383175328442
0.14384950132494376
0.26745914689872946
0.11006946883756107
0.9667049917808019
-0.3238196034190313
0.019369777872806093
-0.12818486789516517
-0.033291280068735774
0.10595048034044122
-0.3999799223659155
0.470709098406155
-0.02298625481920547
-0.12084307892800895
0.31626565146098734
0.513153712823559
-0.4365996219227406
0.7452993520053467
0.1306279974636037
-0.3181017191523238
0.3302477251438965
-0.09782898908251053
0.27812480315701266
-0.5764760251667186
0.5294950795528474
-0.3148611632120376
-0.180064866787097
-0.037772919269868456
0.19290839514071625
0.1808914606993013
0.02364146633864841
-0.09911060191821588
0.24627223648946067
0.03755899263545485
-0.4845800586691966
0.020213644217593606
0.13974778494253193
0.4399924358356131
-0.09430110197126333
0.35753289843764163
0.27565699527001447
0.16492528573338774
-0.4149302103244414
-0.08920865669459492
-0.09532701948310256
-0.20011964888562492
-0.23502285514963758
-0.5773676379441589
-0.159302080336135
-0.22630932982533347
-0.4137498232483628
0.18162315611945443
-0.6580334333269554
0.2628749314067593
0.2101018639011195
-0.6342905836236393
0.6218318367375849
0.09388314864865911
-0.19842359826566128
-0.28960514489993244
0.07947275083096957
0.9642022167740318
-0.2467341404644696
-0.3796751169431824
-0.08998469996319644
0.3165246123260143
-0.2161318854767444
-0.08892807807868763
0.37763246292864117
0.1947114835363855
-0.01881376802915032
-0.026481983923805876
0.10555296517719538
0.09538414785184476
0.2548482442752225
-0.16901098168319295
-0.935516945646873
0.2036206873457003
0.2583150223020946
-0.16904084515665627
-0.19902007444783643
-0.06999795265925325
0.27012447739090933
-0.5069131679928718
0.3117899931508031
-0.1831580577784907
-0.06578939164276718
0.03674509750388656
-0.33297625712482465
-0.04821279722863461
0.5294506411377272
0.29943155623387235
0.0011740662827915205
0.1924028947578128
-0.12353851823492262
0.8262000173520218
0.505160753407337
0.09924519855294744
-0.1661071611422585
0.32353158709667185
0.2922914451744844
0.5358649827961295
-0.02949502081296239
0.09538106110317994
-0.0940735400684056
-0.07906387286839492
0.9133338032916773
-0.034081262446510725
0.019750881517395784
-0.04228888673910257
-0.046694809629477994
0.8391198015494685
-0.08131547469319737
-0.1904472004628365
0.29527498287229553
-0.4747646746090537
-0.01232926928683505
0.12635394545221834
0.5732719584013483
-0.0256994537421304
0.30556738231607244
-0.13221140495158626
0.16516111058267857
0.2808768131908568
-0.06903575356658688
-0.15454938612556848
0.07735483853000252
0.19624243590467877
0.0007572843143842057
0.2863809272609079
0.020381003677232463
0.1100158001168411
-0.17794038279845986
0.37858322721036214
0.4540149780615925
-0.40617433695700433
0.11306074153637072
0.02033986971297108
-0.019714076217856903
-0.17435158212835
0.3280772658998806
-0.12273538450621255
-0.3080630043445031
-0.0655082750245744
-0.5463174201429133
0.17075571669924217
-0.19092272030973842
0.2766495785373872
-0.48046355418714853
-0.41982050137903976
0.3664371411404562
-0.4831365580448711
0.4702969729197889
-0.1020446711965366
-0.4431326109857157
0.3892899834179777
-0.357078606721613
-0.30199783232069394
0.5062974564750543
0.1663078579347628
-0.42781871450256875
0.2982183997555278
-0.3605524623650416
0.8660577198632452
0.053294022551175685
-0.2825429152595141
-0.1380932354922755
-0.11067777728499739
0.17268122454970203
-0.2901555936431741
0.2714385044446904
0.00619414265602407
-0.20957971552788207
0.06264314520511369
0.0036489638913659492
-0.13850379787444955
0.44519606014326873
0.15515197013113322
-0.4514430753316482
0.1889278688891212
0.1639050801013791
-0.8744655071435075
0.31869803533085145
0.0034179822968209827
0.13021732913102008
-0.3828590095580477
-0.5615300053295934
0.4435521813689912
0.04678344840272646
-0.11285289619077124
0.5517574325311206
-0.2364539143700543
-0.4026489599652047
-0.23313254858760946
-0.1152867833522157
-0.4050806918783087
0.11205925351070327
0.3656802890072562
0.21910612885937736
0.5079683373807672
-0.380003539783673
0.3559383574492485
0.17069486316057134
-0.24989310262194525
-0.18572290499961627
0.333152986201489
0.1436095331394594
-0.1906815612810247
0.68919772060344
-0.12596537581700334
-0.9197051094327385
0.6240408254590458
-0.05996431327039379
0.25464363656932454
-0.2619512191033579
0.7146775329582908
-0.44850532047531155
0.15715647126919438
0.5164900192927883
0.21845162325620235
-0.42328325655329496
0.24573329838205987
0.0041160526223804365
-0.0026479495604644168
-0.33119350776550405
0.733493875131864
0.06374096402217336
-0.15861512894546761
-0.5845741003944387
0.2664678451650873
-0.32145353595522563
-0.12477432194712566
0.13803479528084012
-0.3907827346855678
0.056593361297675254
-0.5424173076848188
-0.43990643626784715
0.11894181151926798
0.19057195162756774
0.31649387067415535
-0.4015744406683174
0.5456566446394768
0.15794720117654734
0.19926502448909666
0.3417875405107406
-0.48358557218623244
0.13713572302949276
0.05727858646328413
-0.22357454156383005
0.8478603868228125
-0.4849465286762716
-0.1335409180372527
0.6359312345383099
-0.4540867941917919
0.08354455336323588
0.12530626066358802
0.7342053336184127
0.2386975589035097
-0.23977933353486564
-0.22483554000088635
0.22347553611920848
0.032806346035249484
-0.12442999708079977
-0.20677323129222566
0.507071394560667
-0.35840424098829277
0.1466253939392609
-0.18085281799033145
0.10650795733702514
-0.045820389532648526
-0.015663004887304134
-0.2625797545380425
-0.01966741723290967
-0.3739529063253063
-0.3753259493827105
0.5028233905230127
0.3777248310908206
-0.06851619189801482
-0.2571118625670657
0.3473217085117028
0.5203551353478675
0.1948525956755113
0.12437092990744554
0.8489139131177802
-0.34423106617614724
-0.0013068246971465437
0.10615387464839608
-0.2874920398533513
0.34303468255380126
0.1513636498365105
-0.012170222898817895
-0.5862459888423441
0.5162955253924909
-0.20210604864477308
0.351838793818571
-0.6009842544037255
0.27587512031301864
-0.699549035877345
-0.23692719552583588
0.625562420995234
-0.37495185650576285
-0.02656397212099091
-0.09707152153109953
-0.14528017934523568
-0.06506037702500873
-0.36442315944058595
-0.10520561708403718
0.2314778184050835
0.12355601150372837
0.2983062003328708
-0.4483228189587524
-0.25893636346875154
0.050210303781659055
0.25856546162099525
0.1348150466369082
0.29874377675870556
-0.42566881431283504
0.09938732819406286
-0.2389992166107738
0.040469286083618695
0.01906346641458819
0.1830836255789923
-0.13292640231052782
-0.3168609269674138
-0.4576412249112077
0.000983237778345125
0.5141146759835923
-0.2704485904563
-0.14325095258978124
-0.22335194113366208
0.2905813733156529
0.6293170408729077
0.09013184534831653
-0.19886662197183685
-0.5528425272558714
-0.0465926715956217
0.2303195916609405
-0.21987116520167754
0.1421615220631241
0.7369876057604963
-0.6543363330657728
0.12341975426395002
0.41719633090437225
0.2744914267987758
0.10620370740594225
0.12567442716243682
0.17766665153621286
-0.07410269389941478
-0.12860997437363367
0.05955842446693435
0.7129191795183419
0.5101242421611107
-0.08747108233175362
0.1331612640556976
-0.45447810507610586
0.4812417034682602
-0.4511350375454075
0.03554435860531796
0.7917135354574681
0.21418017641706827
-0.49434863773833293
0.000573840104471872
-0.07019512531686697
-0.04800734841493552
0.05866299467872973
-0.5679756590828702
-0.2378562752458952
0.19818488949413296
0.12285990875501329
0.1838119776386439
0.561942406018136
0.27246806019732256
-0.032453358902054016
-0.04069531372262155
0.2255160210682338
0.48270168531313484
-0.1602554438425613
-0.42586748416137743
-0.12797282575959407
-0.35775453164828686
-0.10089850050958124
0.03691599319581411
0.3160264176772723
-0.21769229805242388
0.12374353879303793
-0.27809350998211846
0.11308821596729064
0.15875650311713826
-0.00908648908592041
0.5214883949396623
-0.23465586610091976
-0.6346453941556577
0.40850166758204054
-0.5277323445420726
-0.14762704136783103
-0.6384699212868745
0.36932086049496277
0.11526404638741862
-0.6499468987166591
0.36321016611335266
-0.627077629782998
0.013750437777349578
0.18746229270529927
-0.3628831149897656
0.23960959506830717
-0.2210978848002436
-0.3381703470813729
-0.2564063016904577
0.03354046371021443
-0.09770168531870792
0.4415115228976392
-0.07225953520295507
0.01051654538966756
0.4203932697526753
0.00726327127442514
0.0900591755376699
-0.4759421701412082
0.016173298831387597
0.07354321783872414
0.07738995940440258
0.5702709834671035
0.09158176269860052
-0.6404042627248974
0.0449837919729982
-0.01708069983417994
-0.29554797480788636
0.5910226211914524
-0.3591377364230895
0.21566626378068432
-0.26561691543843124
-0.008452671810009596
0.05719442303218066
0.26767211600894886
-0.16510498263815218
0.18352206800882684
-0.654980157065519
-0.07803339265438736
-0.17624232052784805
-0.05729946042682212
0.1364501611427856
-0.17790835250240503
0.20624497077083676
-0.18032697344506246
0.5687054729875036
-0.009975940726442256
0.2636775123543892
-0.040676790064695226
0.5447415018339058
0.24972236244361445
-0.18440460545556817
0.12350040129083419
0.05016549482904616
0.16884436271384765
-0.18617096961365318
0.3177024410049018
-0.41960273938082243
0.309112687213637
0.21440433732489894
-0.06391922777967865
-0.31317879873286897
0.3596230893799348
-0.2926587752422342
0.016871292690197395
0.1454299436403709
-0.22594280786249885
0.07681623057654069
-0.2528673204356779
-0.4812816873674258
-0.24628750931701554
0.21871475089277362
0.13316788713166852
