0.39477046231003726
-0.36316857156045074
-0.012421967438820182
-0.3083639670587635
0.2847589272631383
-0.23009882660344588
0.06399962933910812
0.31876542040848244
0.5418739949903927
-0.8175116239674006
0.2318266296071354
0.23605598385654905
-0.11738384703816997
-0.011156330266736285
-0.06482886985299223
0.09176302957273498
0.06563115934223443
-0.15831080179051069
-0.3743712503089989
0.2825580658219828
-0.2695588656422681
0.5799513546400129
0.2790507238273386
-0.12164350210167128
0.1348356064010921
-0.04135543156683313
0.3213793386561459
-0.20463353575649554
-0.15018412525343783
0.568009146183802
0.29904598404573635
-0.178699707378206
0.24463028227923345
0.050661677229656005
0.32278087473944855
-0.19401676851585334
-0.012960777542807582
-0.42643104203183446
0.5091029260353181
0.18795514350513126
-0.2578153663156071
0.1039238194453162
-0.08786485602405877
0.007639179427432367
-0.008825676508655166
-0.23672070612551183
0.09319757575260287
0.7708185335579045
-0.3294507694547783
0.09167425589272903
0.17261966295692452
0.5240941595228676
-0.3962731681211481
0.18917165258079405
-1.0015013215236928
-0.3925017202190675
-0.1929014254468306
0.37478120408692583
0.03311620144641193
0.03632802958918784
-0.11184397861557183
-0.1343845060212263
-0.3421539401496087
0.050130086956674466
-0.10947001664109271
-0.7335604465179331
1.051085172101801
0.25591029498678636
-0.7905808291691917
-0.4615092543380468
0.023927970645885623
0.1757235954801051
0.18903955747639622
-0.09102989698309816
-0.07556229800723448
-0.2736323345961709
0.210701843154158
-0.349357619030629
-0.08944807703902458
0.2874162650381424
-0.0842904272997121
-0.3390427519630122
-0.5949356140165701
0.16618711412302606
-0.19135094360115318
-0.03166030840526857
0.19993830854628128
-0.4066285767865604
0.1966426648349835
0.3890999665664198
-0.4015816951874476
0.6779522047706206
0.16553217834755563
0.3948872446643974
-0.4965504154241571
-0.25368663103483446
0.6352710930229333
-0.2992917691416748
0.43123768032566245
-0.3172195268254218
0.6898885079418936
0.6963553010545784
0.22270925502194977
0.13782198916817093
0.03435402158449688
-0.09149507462725026
-0.40757582420250726
-0.18359897963108834
0.4198036895380171
-0.23476599979415072
-0.1355095116759264
-0.3280659240279967
0.5742386122831696
0.09861744176529066
-0.9884155926322248
-0.4536496983442105
1.0623300153004294
0.17358847159502913
0.028871523194498434
-0.23678448112452385
-0.15261592864968482
-0.06503578194318509
-0.7696742185334235
1.0547166859121408
-0.5785643621261812
0.7230751341808027
-0.25457159091248965
0.04046439458433684
-0.35853275643280835
0.7168825800965075
-0.15379103676844572
0.371651632322907
0.32815545301631416
-0.18161706080472817
0.35692604859650356
-0.38052695498028216
0.04150283456975927
-0.4461524495843037
-0.48047292910977263
-0.18934999259308433
-0.17769337074867064
0.14490231830606298
0.04301709296393716
0.5687060143734992
-0.18261907362073218
-1.213056026455082
0.867423106948396
-0.2550143922601503
-0.22505236556923483
-0.28753621440664123
-0.04007192722937964
0.0359551897102389
0.10419046692351049
-0.10148335379540507
0.6718105814531011
-0.38255710865844694
0.14448602682697836
0.4535963634480505
0.5365502399469128
-0.16873082191192834
-0.3455548325456185
0.19102574879726736
0.22790041428179922
0.7726511752787528
-0.6388657205563556
-0.24568422123424005
0.46828622952801113
-1.1116898931674672
0.6186712875995967
-0.26064914788622473
0.4213420022638522
-0.5630104915444831
-0.4731063498128471
0.3556250036902237
-0.0852598415764132
-0.42793635567229993
-0.06234660884208939
-0.6215378260149532
0.020521973907043876
0.00826644478445333
-0.20286331772482308
-0.22374826931315528
-0.06110775019514849
0.18251823224907412
-0.8311654346414289
0.3796824041680892
0.4612471220034223
0.0870124571869656
-0.5081164158608994
-0.3151786298119461
-0.21181192237661875
-0.1304496653811607
0.32112467993149174
0.8952682318644616
-0.8018432505709852
-0.08997356478240714
0.10970969344835804
-0.24302623235576365
0.2602636892116494
0.09178032034302432
0.016378516024232095
-0.6218783518873983
-0.42960138827786976
0.5849438181184551
0.427205118118217
-0.796655079291852
0.5086127191351161
0.3761281956482428
-0.48446556435341037
-0.2531602618128729
0.04920370240373876
-0.75773745963232
0.3355235207779547
0.2949309612959929
-0.2532796474123995
0.21405755293076492
0.8883829850839559
-0.6862124780538348
0.1275533500657389
0.3754569998598599
0.44798830530868133
0.23361755160919356
-0.14386929229087608
-0.4048051351834923
0.18278160517990172
-0.3459555827208699
0.32826057727980656
-0.4240691799340524
-0.18508728220474435
0.5881276399642503
-0.6330199898883442
0.4650522676555772
0.19098274617814576
0.23125982748163434
-0.20902733897256245
0.7319601065575074
-0.042471413361541456
0.0022118050022261935
0.22257487830713746
-0.08096726288141555
-0.31157738009683567
-0.5354805191957537
0.158306349722258
0.4253361863869316
0.36503173618079715
-0.10488152435626431
-0.5570400660119801
0.3724145579630198
0.12351950173710667
0.26152668091237635
-0.17092495776754643
0.3239393215944247
-0.6101640223119839
0.3018607604975182
-0.315689246843975
-0.5975358363083538
0.7542165650519416
0.15493062390115594
-0.1767958337587429
0.11614202295993498
0.6035878950601142
-0.16559069060640633
-0.29593690804040745
0.4932626991810388
-0.19854616876146036
0.11022372372442255
-0.06213553510167631
0.15896568842393405
0.014060307162989122
-0.4194324516923952
0.32186400497662065
0.19012028729150404
-0.35563603349585815
0.7645135770036792
-0.1842744846413256
0.7193755213410093
0.1378850977515056
-0.5875318764059165
0.42339395450185735
0.6081779714977993
-0.8031442784194824
0.1950489456866271
0.7527516298034337
-0.12903550656161308
-0.3814329092707891
0.5008252555468947
-0.1414031036580168
-0.05113484471514051
0.3949798129797368
0.5099642670990724
0.15964268304383858
-0.13277371136191193
-0.23417629504486967
-0.19184886899358666
-0.11554677971843481
0.055906006904598377
-0.6106754437546402
0.23935547262139487
-0.37567751805812105
0.009973271140713417
-0.03381454408046818
0.008507335544021121
-0.383202921257953
1.050750163873087
-0.7008831061793338
-0.47871797804960786
0.7072227417442765
-0.5116648749160287
-0.19254145083327637
0.8234662327453787
-0.35186424999691507
0.4300653899430251
-0.18272970013861572
0.01481014349171564
-0.7908277139069609
0.09874362758531323
-0.1401204388308593
0.7347805911328761
-0.4003699797283763
-0.20403129102531983
0.1462461592028902
-0.56041296518526
-0.34796890079785375
0.030424164665544325
0.13719809356110324
0.6994740494894364
-0.2202732084706784
-0.13189304933061546
0.10806748318030518
0.0907897017402553
-0.17772468760171128
-0.43327833920035735
0.30748551863254037
0.12166349726885964
0.14486827211125294
-0.10735633119287638
-0.09271824690329536
-0.32805360701147446
-0.412211406982069
-0.5145162464448818
0.1274917651224771
0.3552917086941228
0.10607874037163549
-0.3807257855648275
0.7307369382112817
-0.002387267261212728
0.30651650165754774
0.2754061371486666
-0.5821189812369754
0.48764404406120543
-0.6386928194578363
0.351447627145064
0.42902929403763945
0.4770307539383041
-0.4304504226448122
-0.046133888529220166
-0.4881022194956482
-0.22146954136824643
0.0052414188139932715
-0.12171674250648144
0.61603720163824
0.13736560965816888
-0.08968534230959638
-0.5165805865310177
0.45992347644483317
0.5212359025777377
0.04634135782248639
0.14650429294636907
0.21726596050951924
-0.31006450313380324
0.20996294267315496
0.46541785854766793
-0.1249168884819077
-0.3871820318441963
0.09739864231677908
-0.20228246081839885
-0.08652585003350036
-0.30876559246847474
0.13968073058878144
0.1863499135747744
-0.5033106470670531
-0.6169221090235039
0.20715633262569516
-0.47581112370952294
0.24730743103711153
0.6017079888160148
0.1551980584750279
0.4517699188035064
-0.26004748485491014
-0.04087529248654862
0.17186774829484225
0.17787782573795038
-0.23607882761843557
0.012702367320064354
-0.31025287143208424
0.16991166284542275
0.039675682697394514
-0.452174928299353
-0.05057207707916426
-0.004481088253338472
-0.6740043305465461
-0.24925397603582516
-0.557351052575671
0.47272734056523574
0.4767556727946516
0.3005905217824604
0.16323666460689115
0.4772222030692046
-0.6324262553896276
-0.4595487407605314
0.39535633805652115
-0.17871051149230915
-0.24286244877637833
-0.4226936137480546
0.3814839521540902
-0.2395594084839014
0.4686006757470013
-0.23780805857517978
0.3460727382874634
-0.5315763936324434
-0.12699395263814559
0.028876179174569416
0.48434819003564644
-0.16185979714186827
-0.018974455867428755
0.809529896625437
-0.07727866620123557
-0.062589839804358
0.13506627096376878
0.11152066958729716
0.33293212612777917
0.35777337618293653
-0.29699985484049013
-0.3389940132660729
0.6084627711324064
-0.17142920165614864
0.36595517682149054
0.31453173104326254
-0.5691117209413034
-0.02405409654847058
-0.09736151617231383
-0.12255748839983734
0.30312019680974966
-0.26806112331658305
0.6712273090717528
0.2772801383565071
0.652934518062891
-0.1852789425212485
0.5526822613934396
0.5106054211842196
-0.125511573092109
0.44356619797044045
-1.0449223357288429
0.41185024418939875
-1.0402831162328001
0.24030266540754391
0.35622858485964415
0.09576961680463938
-0.32656548664390533
0.4739139262765094
0.09992161640060815
-0.3767083019068028
-0.4195320428435088
-0.4997190914888048
0.31096961121335076
0.40705487810494284
-0.33630226097483745
0.6228121233398479
0.17769104185825874
0.1702016148035776
-0.9007712340994338
-0.17531062933681618
0.27939195107384757
-0.2975003522995409
-0.3283736522746705
-0.4976468952487703
0.316837451557308
0.04034597129682375
-0.6549865534983943
0.19869184751672034
0.26732259249293944
-0.9818400353058901
0.21759514642266747
0.0850362219046498
-0.25134970422898334
-0.322412807060415
-0.09482022433217531
0.5235419901182984
-0.6557260840143604
0.23640249811928668
-0.2758062889617983
-0.5498713789119638
0.2466068176750882
-0.4631754671659325
-0.179450890996069
0.44693385847487876
-0.20300345268604655
-1.0174049189545988
0.32534490898269813
0.37630123575137026
0.1396087259866541
-0.08508624248654464
0.04001430397315025
-0.06806133142066333
-0.15003454592903978
0.9746072924634543
0.07917380444675116
-0.5719099803296103
-0.221148211594287
0.792236882718897
-0.364370869890357
0.4554537867230703
-0.47316642086216626
-0.3379869343580948
0.0009411912289644789
-0.08173354868460111
0.1443992034308659
0.003281996434526743
0.5161834080200665
-0.18190889168612406
0.40655871988154246
-0.13832704220241937
0.33093801896137215
-0.4806869349918601
0.3358359225125627
-0.13189197644523767
0.2815099066183982
0.5601908422359194
-0.15946218511707874
0.5617894295891995
0.21072319818145938
-0.01725889717042591
-0.3334973521447679
0.40485761717512686
-0.31154727769318447
0.2127287619643637
-0.13497083320415745
-0.002616153328284938
-0.1745278564986303
0.22412379938912147
0.015937686270400698
0.14565352211440682
-0.16491837849808955
0.3721131144218524
-0.4447935230927279
0.21691565485923578
0.3829187823921574
-0.24367518899374388
0.4099962365042978
-0.24424103279261272
0.32484905906413974
-0.06701413467205058
-0.2421428975752065
0.22030010606230982
-0.3064902485640303
0.03849741401689119
0.6199361639776078
-0.3592771578822478
0.1467470002633974
0.24952049565620263
-0.2864872408139777
0.8435792168453514
-0.014461180877111868
-0.043063148617310386
-0.1594065017111011
0.031192541733943847
-0.35022555915348363
-0.4169064853648432
0.7547600487149349
-0.056327799399463474
-0.013696398864675274
0.16808016018639477
-0.4124150366520077
0.500290347843676
0.5339619525483293
-0.7172758912132208
-0.022221481071763336
-0.6482172729269747
-0.30732417224450465
-0.32897921242676753
0.7926297844339508
0.04514125379109677
0.6694531394891804
-0.13530264671124345
0.6908276625218518
-0.25527530705035
0.2541191334014548
-0.3807145903330883
-0.0099492179233222
0.34465508518127724
0.2879693975505793
-0.3478780000386804
0.0775330612039256
0.03878630784447469
-0.1430741350585447
-0.11349843742905727
0.8493777937216038
-0.8514620891259826
0.24204839205507983
0.007237277192762936
-0.16190338883820285
0.6359145367788634
-0.45192017495702275
-0.0388067758732885
0.1547324039548141
-0.02696093467289335
-0.5585517456587316
0.33704905651421196
-0.4404875314134835
0.5443622700249144
-0.47904304637183637
0.15301638739963974
0.24619520123427416
-0.6772490972572672
0.1463339337921884
0.6407998023805948
-0.948216288899473
-0.06347111902282992
-0.1667140416768087
-0.13696348051796065
0.3755278177199244
-0.20640317609665426
-0.09723465321041502
-0.03364266682464129
0.23051031727222485
-0.16720738895125178
0.07350417333539842
-0.49310803341126186
0.04040011325178932
-0.10673459621875221
0.10525823420640538
0.092501964543436
-0.13095441039187214
-0.17945804901792747
0.005818220057172158
0.4431924702321229
-0.11404465856354286
-0.16789882573965592
-0.14649533335624026
-0.06452663510463422
0.07508325347677595
0.32756706003272157
0.4908958274178286
-0.2159015378941598
-0.4717861319080898
-0.3317099351917575
0.5387914739497823
-0.130284293322151
0.09981790651716041
-0.3083276787474655
0.5285286457975813
-0.9327530570427696
0.5857113079972003
-0.1579241801293468
0.3443495618258466
0.10545860606483745
-0.5115390507876667
0.15259514665897037
0.05960311813019234
0.23069157074181235
-0.40644007428879203
0.25712204970729036
-0.2222956146695631
0.13970882844608726
0.020910650720287104
-0.14842711293534083
-0.10330888410107805
0.46080215115241085
0.0813618714431388
0.15193729441961476
-0.37407608895273947
0.17755768943282518
-0.3910342634694835
0.23767271958726008
0.4227051767234162
0.3094784055431442
-0.25111939731007427
-0.8278133049022628
-0.4561246597043865
0.02216963846571937
0.4591727392533517
0.324581426954422
-0.6004529269826371
0.4785505055067792
-0.19094612491849958
0.43996197174220186
-0.11296118326820741
-0.05476489096962672
-0.828354953026185
0.6326581277103924
-0.8717393494391897
0.6588936697153799
0.07498886844851205
0.41649021747981646
0.071824180110005
-0.2371297499825432
-0.15448890983993915
-0.009579553572971217
0.28340609328770827
0.5864227285444097
-0.2343368372044311
-0.5258923279783277
0.20540582827273732
0.09496263878696426
0.5268532585657829
-0.6596636783634267
0.2191486337082058
0.27255993158612213
0.08625969169207327
-0.09588331819797126
-0.3394077711429943
0.3623792309699188
-0.06400589638980458
0.09526888838533376
0.0860093990908232
-0.30113946857563323
-0.08806407031872465
-0.25970522610444136
-0.15395194587052138
-0.3827506775815924
0.7494363211900794
-0.7625250033148576
-0.175940671878944
0.1962811887915459
-0.0711113343985961
0.660145783973836
0.2504989374627196
-0.056005670751630994
-0.1442341554728431
-0.4461468574958483
-0.11407697748277178
-0.024101912734357706
0.20833990793138113
-0.25140854806525015
-0.05371824770776916
0.37304924214500507
0.284066050030391
0.1779513174663359
0.09585879045803526
-0.2934041576870458
0.11847118049269192
-0.10186436059895554
0.25162223451351595
-0.5979705627066789
0.07385524436553352
-0.17018132095124153
0.08611115866359664
-0.2976988232343096
0.8918733155735915
-0.16724080626341092
-0.23871030730397058
0.6998783313642267
-1.1161023744320429
0.3781442070974264
0.21657435234221012
-0.5150624442035804
0.0624361290347449
0.2333422822142965
0.31573596760503087
-0.6001325674068445
0.035031959718857926
-0.2263671002401213
-0.26820220655599974
-0.12694629562557844
0.6884969461170877
-0.3174359389386286
0.006772962119183421
0.061175061553310935
-0.48614351251781357
0.24723914490433369
0.46301925995576926
-0.3976809724813805
-0.04731110250805417
-0.3613810093941756
-0.3446192918019342
-0.15533704271085644
0.748972304891159
-0.39445396536157296
0.22348915089669763
-0.41920506897479537
0.4626747855331802
-0.016615604111978634
0.18480135447497184
-0.5032127130739786
-0.10113891754662134
-0.2971848103606981
0.32786592838737
0.502993136416285
0.5843674330506062
0.37440338188859973
-0.17715627643493778
0.5859899813805
0.19996533789579016
-0.8343124899845867
0.6731930507312788
-0.026286301402417892
0.2408120677907146
-0.35807386555246074
0.012999594166092013
0.2636731995969204
0.19474387473521276
-0.12436802992162768
0.13119148764512725
-0.6029252952235481
0.044278951310239525
-0.5082470916859881
0.28280640412988634
0.1997178411430118
0.3083603450211072
0.10704944134871879
0.36392765817485045
-0.17703996351347334
-0.04583631938601123
-0.2679926225215329
0.34202216522395507
-0.30409643137504433
-0.11344926459395287
0.6845006810226132
-0.5783429934564016
0.04910502617650961
0.38257704878470766
0.3951057491245129
-0.5465469724999276
-0.017223980552961586
-0.351843370633533
0.4459726254394804
0.053047948347632504
-0.2428523774166472
-0.40762429034273706
-0.258514138619421
-0.16146269694509358
0.09070335673291235
-0.3695718589146318
0.28746253524076587
0.2809622481993294
-0.38874026575512227
-0.09284337080720508
0.2754995826457806
0.17796037083842145
-1.0402745429900015
0.5334255825819357
0.6375738616565669
-1.1149780948745436
0.5798731225758179
0.6788169361488273
0.2757120871225263
-0.18681247241162263
0.17446470882532011
-0.1616645091922782
-0.2091159880219372
-0.164789658455384
-0.23564261410901632
0.5262863297799243
0.04445778574239545
0.5837093854491002
-0.6579017732792382
-0.28020855252647586
0.23209488132922562
-0.4914476369043996
0.12874520452973456
0.22498286733881537
-0.011920743131849714
-0.43239045887155686
-0.08540602704818821
0.41147691251902846
-0.5251666063556095
0.2960211215116757
0.19234843656663142
-0.3406510844134477
-0.14843660534294437
0.10753498494405817
0.2994160031606151
-0.027889162278144145
0.05352383854854762
-0.025407593257652634
0.3695508109571951
-0.17019517569401968
0.6314475180714402
-0.1783322717635777
-0.3454893939397076
0.4363049470488743
-0.294804171565727
0.3202735591912939
-0.22018960948313626
0.23908988140862616
0.11020502070906876
-0.09128350127410081
0.00919872947922951
0.009937361203336598
-0.16362614107449197
-0.17490698146470202
-0.15809375754901575
-0.3369612913306538
0.381745593708983
-0.4321525013440316
0.22680868040922417
-0.3219107280518414
-0.15516191519039235
0.29887260584726855
0.04045007738742562
-0.18926746889213092
-0.2589004767933273
-0.19988400700399384
0.17061336342937616
0.663891796859147
-0.4177754162533787
0.6455739831387698
-0.046871823222162656
-0.324692694508856
0.1645589518253792
0.18244894007814516
0.3390860106726882
-0.40556244711911454
0.27006451819262284
-0.05865305321887875
-0.37223340624260637
-0.24642620620627528
-0.1934054326146546
0.6137438685571178
0.034637418885325635
0.00280111778226147
0.25283763632493333
-0.5385591591628226
0.39363120156789416
-0.26587701896880517
0.019976836979478295
-0.010619429569364064
-0.3423238815094937
-0.09702478781535691
0.6020779721301093
-0.01910023450003651
-0.15289829467469682
-0.12351544120335131
-0.01780578712843757
-0.5762070403171304
0.4563524382059182
-0.22212462780879316
0.6450465978676433
-0.23221620797869294
-0.2893678145826443
0.7945724967273537
-0.08947057098255458
0.2005541060479322
-0.37766101199232033
-0.05321324804603601
0.1972446965705037
0.21182887672295017
-0.26046294910202844
0.3269481850282863
0.16395437706314311
0.27135443098614337
0.09676125991295881
-0.6626772752084482
0.6421930477924994
-0.5626807216504068
-0.08906924873845132
0.45117980731015767
0.08626277640613118
0.14429098976758417
-0.10764299523366659
0.2734940788627308
0.22738693820430858
-0.02022198760583296
0.2307202322009144
0.08043976324380453
0.4636362301331324
-0.9500988007987693
0.005692466960192287
-0.1530367701145837
0.34992933582027
0.059034603441997485
0.1713420263653624
-0.005857912450723244
-0.002590046326166167
-0.006152182165532603
-0.3282518296318689
-0.01708689527711258
0.015844773030120034
-0.1801279720073763
-0.13019437868744188
-0.16070756767335806
-0.12986873005668037
0.17411018273377926
-0.0690697699707278
-0.3693610735948688
-0.33598683678612606
-0.1772820971026594
0.2257626390887243
0.03566524281820451
-0.36922665659366455
0.056649485384675236
0.19947375423563635
-0.09102654575111328
0.49458448131845584
-0.21785332667761562
0.230701574656735
-0.2171229717708624
0.05643313905888845
0.010099348681596051
-0.3281502091381568
0.2724997652304287
-0.5422240545512113
0.392664529421347
-0.26590886983167955
-0.2127455832708206
-0.7064453747585007
0.4391132538762648
0.20844192688410676
-0.21678194002075538
-0.31231091021067753
0.13295236466996005
-0.1609288542731655
-0.08517307150527416
-0.3065429481312443
0.10379816022280734
-0.551682904100022
0.22915074189002826
-0.5734254936549436
-0.0889386435963803
-0.35606995139695297
0.4932392350088466
0.009321897952367387
0.31391690869073097
0.8780873762212839
-0.32161634528502947
-0.2606784915173898
0.4313997067713451
0.03568933415701138
0.45936993569509965
-0.7161350367093421
0.45308191502322487
-0.043890182581561785
-0.14969084159439686
1.0460864074500367
-1.0177240423121345
-0.04946266938401698
-0.555551676766507
0.10113838869263019
-0.47145040884156997
0.15496914515178814
0.4375451867071285
-0.5977862143809001
0.460503043317082
-0.7103078334780517
0.6620385172874265
0.11358807933027508
-0.09736677563795344
-0.37792068029185844
-0.10305501243934091
0.6143233978901248
-0.4514521737544735
0.44868992673699665
-0.4193933947293238
0.6972856807272297
-0.4016790946752769
0.15044497057173628
0.07533960791550713
0.2167940785409141
-0.37882253281277595
0.1483044118312259
0.32090248747030836
0.48493638488937646
-0.2588486883285558
0.3626465655034151
0.6034417634001084
0.28433626826472297
0.23674250217784162
-0.10965069835601174
0.32253847586282647
-0.5864924911435895
-0.31859242413459904
0.0776452962103173
0.04966781542045584
0.2262953613964105
-0.1429994913163275
-0.007433682114870993
-0.039329884587192096
-0.13461801741931917
0.023354396810663508
-0.3121963753088929
-0.9523186115126171
0.909664305697205
0.0041823563248860355
0.7399818304925885
-0.4119527448480525
0.6578311834254553
-0.3863390151601544
0.09082249011647608
-0.0801593902731516
-0.033958373123433166
0.0804681331039521
0.741529855524218
-0.7857908984368344
0.06966782992390573
-0.11279954881245731
0.572057641671744
-0.21908062498653513
-0.5914913106535286
0.24795824717788098
0.12672764350298293
0.14191213332317432
-0.3491647242489685
0.2955926310227669
-0.046298323988377084
-0.047193513060764546
-0.2766703305347902
-0.3925493444666028
0.029601433165066072
-0.2677248839478661
0.3591354637750544
-0.23810215152934847
-0.08413526257576802
-0.7731801268846337
-0.3643324759159916
0.10005136761179116
-0.6604543579103781
0.1816140012963791
0.1513812137176897
-0.2801782765812063
-0.020028404807102197
0.31841942828567293
-0.19751418075930022
0.16594395362989697
0.21290904963218574
-0.24501674316081118
0.777188409657222
-0.7019838740454694
0.6344983466330453
-0.22719663485188019
0.07610635222781209
0.23928007326659081
-0.6905112286952103
0.36971474721291303
0.401612155900184
0.15747235122827702
-0.28663996140029824
-0.2977250585038826
0.2271162441678675
-0.33538595414038214
-0.38888299542588806
-0.22733687236671468
-0.17486476838043175
0.24396493713333114
0.11782452500449295
-0.05095521558275367
0.30310600056387893
0.2162406762319442
-0.2606456910420909
0.3839921156417478
0.1120741764514162
0.3715672747142627
-0.9871287439489363
0.04785629873865253
-0.0006449031778027287
-0.2510281524992896
0.13392560858214236
0.3368530678254707
-0.762429219758464
0.2974443153931753
-0.30159347760408994
0.7744446714912737
0.3150205992910762
0.08910695188464018
0.29799547429956535
-0.12902150980937774
-0.28119682559512027
0.10611525734894954
-0.18423885918448427
0.2567611307940865
-0.22095428516551582
0.15563570419717584
-0.4257977087568846
0.29484022959329614
-0.21819780295375432
0.5442600657269987
-0.415847014435302
-0.09940323665631498
0.4526977007790229
-0.4793661874495439
0.11740439916510549
0.20744943887572553
-0.8615139056453365
-0.06158463798473657
-0.2480171804719641
0.733624642448676
0.24260363949021546
-0.3948777669624479
0.3344070816576431
0.31478746635302773
0.7077598977312439
-0.2305836054177967
0.1661991871400501
0.10864943951679404
-0.8735064074802084
-0.030118182813316668
0.17159700449228868
-0.27228659462578514
-0.9101614031283698
-0.1429760109823332
0.436006880342405
0.6056359907353286
0.2013079825926669
0.4366983163279917
0.6283370957399683
-0.2233700514072175
0.620778413495909
-0.4050491007587012
0.214062836361301
-0.6825132549184295
0.010073381483781372
-0.4959823865969445
0.0941875679639824
0.07114577753414628
-0.29390103184638205
1.0175490482635026
-0.8072681804659241
0.5756023098295524
-0.2435860384060196
0.03843402059527786
0.14129181654307738
0.1779464111679296
-0.21492469140884407
-0.034167631100482716
0.501101125236495
-0.4536711069967739
0.26999271458663265
0.761990232819827
0.0072884015130770885
-0.12507025612351894
0.39703956127426565
0.2229429651499218
-0.0019817258729143963
-0.1544982452450633
-0.08860791056037662
0.8628044002022658
-0.8696821175286775
0.049190783167137306
-0.14082136577827906
-0.5268048749479445
-0.4747507604587416
0.1601056094196869
0.830707890615332
-0.5544957959001694
-0.246346970982244
0.2533425126164275
0.002832354621155718
0.21020950412786776
0.24139338961517334
-0.4786612534232489
-0.27631764756230637
-0.5579485030651314
-0.20385812753229696
0.08408583154330786
-0.6405393808695293
0.5844714796818093
0.10125064608269367
0.7331711886102084
-0.3069637797268845
0.32302083569687795
0.14271483552748274
0.5816478154149441
0.1329042263119419
0.48416217826549374
-1.2336670287249136
-0.06684778979132483
0.3527852420103705
0.2017071518824772
-0.4969379546779402
-0.21048476132524427
-0.5712958216281411
0.6369631270219425
-0.8794313180885921
0.40941566677099167
-0.25221273531071464
-0.12983291435085512
-0.5279264436959448
0.0338206959345269
-0.0616670283767521
-0.41859195303219027
0.21916766980666108
0.06744369126449072
-0.20301310164076766
-0.20778512212447817
0.44225787313478293
-0.4002477924400411
0.6526455782492517
-0.1396286293957828
0.4906879288018779
0.2789698313804616
-0.6138903714516738
0.6257653859004894
0.036644420943603796
-0.4031803665955849
-0.30576591846817563
0.06561565304789238
-0.5199030909132828
0.4272089723891991
0.2182418198665204
0.8369501402265694
0.12126863103527191
-0.06381820231477148
0.03659921035960205
-0.040491022030202925
-0.7702851768648018
0.4001281869054993
-0.03517346697269683
0.2227316675670812
-0.003336303082074376
-0.39499274156185454
0.5590234986747914
-0.5176647610034982
0.6992470517869335
-0.19514625360058505
-0.04079785822024537
-0.14830382235950804
0.3273235693503186
0.08043333850944291
-0.1445628645349716
0.007262686219278265
0.4972525557370502
-0.6444376106929461
-0.08030579294415092
0.2942925023256185
-0.3187135014259395
0.5509879560256721
0.3071335490052149
0.29840888099809765
-0.13217993703476816
0.04698340286406558
0.5474782364985342
0.008218705981190986
0.20073857069351678
-0.3932032294640978
-0.32464355229190706
0.7370164961344239
-0.7949612543314322
0.3133694266795447
0.4834254364442658
0.14168162528751962
-0.3555587770690318
0.5490422578622133
0.49945121756912514
-0.07278874848895713
0.19030782313860822
-0.2068144351723883
-0.20512372497317735
-0.6591657207762228
0.25106762644569486
-0.3606669350648045
0.15189438154922608
0.48638970368107837
0.5678262619028973
-0.40337560708896025
0.31255056865613895
-0.3406027421312806
-0.20167685850369907
0.6217545646485497
-0.4837697422203957
0.40685855792635217
-0.17041357427650358
-0.6292802967350034
0.17354828309263046
0.3440460686794982
0.18429574847834876
0.033067508719188544
0.28061837166013437
0.19422805149933395
-0.11076291570543735
-0.10486022325338364
-0.5526372239617636
0.6865395511386342
-0.7659835471172471
0.09444972504085182
-0.07021239214449898
-0.16637534312997712
-0.38840627430036767
-0.38070614317575713
-0.2745879657329403
0.3356887276067343
0.6437127727028219
0.012154879734850722
0.36882683835202407
-0.36837466647358935
0.7244008871049606
-0.6557893942061452
-0.1445843503315341
0.4164310329158923
0.33685945650662363
0.25000917159925473
-0.2347159328828975
0.15243058455521385
-0.004964303632504983
0.45875918162421236
0.16568383435158981
-0.09203734991155928
-0.16714943189441145
-0.325403700153418
0.8884359481148627
-1.3593992010464429
0.20577684668032875
0.32278406017905453
-1.2659980256641294
0.9386181838847576
-0.20464416720908013
0.5978446721431594
-0.09279127521204669
-0.44093878991650237
-0.28918746420044183
-0.2858750067785
-0.08345659303693129
0.25434434692394037
0.40856697266425684
-0.4490945734358245
-0.10950768797525721
-0.14208364106711488
-0.2466273579121995
0.20319781457004002
0.15914876541080294
-0.6365112393527048
0.32799810962015785
-0.03461090753366537
0.430873595350612
0.37654950545712146
-0.2406913723392269
0.014362640350703598
0.03658636432772767
0.12788741830102165
-0.34793003894946295
0.6949658288687344
-0.2371571190818348
-0.020962464004933647
0.2253785839793296
0.24407826180136658
-0.2570467260433517
0.07567143956677815
0.3442963829021384
-0.7325881901495428
0.32213977150803863
0.046320632764575716
0.0281941460051266
-0.23845481341768207
-0.49249822510917446
0.028257376213085127
0.5329795682641763
-0.19236229774056424
-0.19952249184121437
0.23562788567697185
1.0577572196030396
-0.3791005477297788
0.6167245729448381
-0.03582604053907306
-0.49862511829431916
-0.11420896644433533
-0.17301063633846003
-0.040481579623282686
0.46042005962904564
-0.5260371403282978
-0.3574031378634106
-0.2618829076900353
-0.08728786823233986
-0.349919651466898
0.101684298643146
0.3914270723712283
0.11094703881301092
-0.17435876202260978
-0.061371627130883705
0.21451619642411174
-0.7226469600451013
0.494681038576427
-0.4438677650303142
0.36634597363910637
-0.031045904753682255
-0.5436861066921319
-0.7370008971615107
0.21230799913973036
-0.27366595737968724
-0.8128289302489425
0.14870923626386404
0.7295853994483226
-0.11208043975813946
0.4412458355214112
-0.3502329361567386
-0.09471762969770241
0.0031010758084918442
0.10867311482219302
-0.14084879020837904
0.04018261182106407
0.1075160725878064
-0.033602622998326025
0.08463743471149711
0.2844656037118778
-0.02559764336216188
-0.1625924439755117
-0.14297092865931443
-0.5568495959615744
-0.2587973474590235
0.1859910847356033
-0.09273775041323118
-0.1714267165020956
0.6252322500226872
0.15993661588503055
-0.2853610586238188
0.3508061134798018
0.04820999629786327
-0.7210726696819963
0.3063883184903446
-0.044159171999331226
0.7761894595699307
-0.5530155728651601
0.004001180694794053
-0.22740977556878456
0.06409242098520085
0.09863093857901786
-0.39858010667010335
0.3355635203835767
0.08743106237273648
-0.16476149224625217
-0.5586254783714932
-0.5656725341545167
0.10885773680253255
0.47847045648796876
0.1357683317081735
-0.08625646590226266
0.40329256474910835
0.349798918785667
-0.36861182414109134
-0.09706139811680348
-0.468520014781265
-0.38776796088987153
-0.18439228017681764
0.041322616579584005
-0.054682263494992604
0.0415337588835484
0.15432358095241344
-0.051805078031139776
-0.026422732690671216
-0.3640863779910862
0.26590711052219007
-0.6333980406389532
0.20568930513334877
0.4053870637846407
-0.18949247023050925
0.27400611943747855
0.32280578944384186
-0.4630616901802299
-0.1419095667395574
0.1508723759600834
-0.7083237001564953
-0.2654411691060648
0.3560632406205871
-0.2852961547625401
0.31797798382573683
0.3050922235349862
-0.31752351755664265
-0.354882314045292
0.15945532037394694
-0.26956187370023393
0.32740892153617124
0.004438913635057207
0.14062683718715613
0.11739151682181305
-0.211136885382657
0.10479295721060371
-0.6542597035751166
0.4695194233607206
-0.047858202557900506
0.3315601397011042
-0.547756602807532
-0.32211961806018286
0.05901320789373155
-0.2956884329186062
-0.09822096845577337
-0.1978068610490021
0.10549181300812306
-0.30846471038463474
-0.1492896641048002
-0.3612391090396282
-0.1956595799293463
-0.139072779640436
0.16915038850928435
-0.35335339516358993
-0.5393625462091648
-0.27262737307778084
-0.045400643721919785
-0.12584238259289354
0.11790303012067142
-0.40335038311726634
-0.056689690814047594
-0.08813508526454193
-0.11310075329085388
0.34412517693931555
-0.34545958887990963
-0.11314603567353801
0.22383278269948917
-0.20792390424118815
0.30191882502695755
0.1623477009083505
0.13042858185811468
-0.3293402216907552
-0.010236403121510364
-0.6860968450107107
0.3829716362898631
-0.13803590855062303
0.036288054256263046
0.2617333469526619
-0.4378430139724684
0.3853179661472697
-0.3894994198493857
0.18129959599687284
-0.4720817455207595
0.947579115061874
-0.0981257112235272
-0.11320522782611624
-0.6079260587183661
0.17948582472054872
-0.003908202731174981
-0.09934019591720629
-0.08537088663255944
-0.39380542036186234
0.3536913135240496
-0.5586678385380494
0.35254082980131235
-0.2834737020407779
0.5428603415337533
0.10112107498081868
0.7899538000213566
0.38191348838447614
-0.23251862726507955
0.3428335759127789
0.36272845796956743
-0.039782578535271194
0.07316786362129339
0.25051955462405595
0.0723143898010175
0.7345883859603065
-0.11925983466896285
-0.6437859693238771
0.8491358494883964
-0.6134408480007677
0.7295980909660219
-0.12121085214925921
-0.5589852632377824
0.09995953354413711
0.45695723873771377
-0.943202953811586
-0.1914952455568138
-0.8306370290339472
-0.09783409427858544
-0.007691675242640581
-0.4481650999081533
-0.5479013197699703
-0.4154792880725028
0.3818606373999734
0.11220849313842667
-0.10579163920488632
0.15312633833619474
0.06867892032194313
0.07540292384989246
-0.6781620878199259
0.1872208663916399
0.5824611567661043
0.38284992459851064
-0.6578757950095929
0.44265184638800176
-0.8823565486926456
-0.4273061411763656
0.17088521250411262
-0.6280467329238022
0.29088683638826907
0.3630918691221252
0.14566044725171806
-0.20212426351862592
-0.48423322530143453
-0.1815190654872325
-0.3887639093548501
-0.29744153325861916
-0.047875161764675156
0.07706599804187475
0.24844869169170475
-0.036599645191779745
0.011366436724381387
0.11372235486134147
0.004623518116581728
-0.12985222020057077
0.08264133032646313
0.006933782535272394
-0.1719023399543956
0.1116720113908834
-0.2885015066206432
1.3755992423235692
-0.4702021530895318
0.2543509308773711
-0.0074168913009348796
0.18289275640826633
-0.02645951058132482
-0.4355163569630929
0.08506866899400188
-0.2206181797851763
0.14728470727431744
0.36283576622917585
-0.010970792275309749
-0.48425060758153077
0.1879978275430341
-0.3663066283313762
0.019792974410507796
-0.10358307939634573
0.5511565194798282
-0.41245900427591153
-0.09540529152290789
-0.42322889219470355
0.010367357877427832
-0.13155492529369162
0.14525963454555435
-0.2659728553840837
-0.2458325172575822
0.2746840245640088
-0.6028542511746026
-0.18176818186018753
-0.2203757688821607
0.768029119188552
-0.006981109799475083
0.0017144069401468364
-0.11638785375480194
0.06312866363043797
-0.21548072523179798
0.17882493267018276
-0.3311314169202427
0.33795598570719093
0.02085081916241771
-0.6405114609008543
-0.1587217814630727
0.294121169359503
-0.23427636300832638
0.03984287800149434
-0.05254797822225406
-0.4771541659448201
0.09902602133712043
-0.5364925731411603
-0.3502934354680751
-0.23455662292121465
-0.45372852358906357
0.005622210076285944
0.11428075323204422
-0.07153265794157235
-0.28101792462362774
-0.3816191884168141
0.09858430318471817
-0.2618071018679956
0.3979558828603926
0.31568374389505816
-0.06962395037024613
-0.061769033891617094
1.135081600179967
-0.3212640898674219
0.14874644191342248
-0.22457431469102832
0.3123984492562005
-0.06289975992383039
-0.12535971514980104
0.06791017601612749
-0.9630166050837212
0.8386495555401778
-0.2091662003696445
-0.01231670296168761
0.3972492606440193
-0.3107567530780009
-0.010632949770858947
-0.12542076867839097
-0.37244996481745607
0.03908775777488673
-0.1091809195516462
-0.07984333796725603
-0.19052106638846897
-0.26376736348983687
0.12982131393999355
-0.49439605949580245
0.03064214585909998
0.7717511132657767
0.3655788046759656
-0.17456355607435098
0.2416620538202523
0.2087773099115468
-0.22670125223119547
0.5921989940540918
0.21351611192050277
-0.12898430705871977
0.29929315452921657
0.10363594251728175
-0.0033911271940875684
-0.2051533512607803
0.2784012578973761
0.27183252123410834
0.34947502515562967
-0.4312888584245501
0.4530132645292732
-0.48275541642486147
0.25324403214550034
-0.06348851623253451
0.19058359824033194
-0.24247841057923022
0.2689506788586025
-0.5190538538314493
0.39967258722664606
0.4427879078289717
-0.2098516216317636
0.3858280699618031
-0.4892320986258679
0.2590425169555845
0.4214268822279761
-0.2628248610345242
0.3710608589344217
-0.43735467584466364
0.2644232096957833
0.19368064038935115
-0.3450897300403629
0.16433977596875946
0.1788320552905853
0.15590730317102172
-0.059305770799071574
0.8428095744417118
0.4889596993721234
-0.44510000068476235
-0.4625931772494962
0.21270840622964113
-0.018390422733791656
-0.27590539445161383
-0.44531652052911336
-0.1916019145487546
-0.4928783718898601
0.30965717342732735
-0.1680132883821225
0.3070669220613039
-0.0014698339923810732
0.09325402502733524
0.11476457843068548
0.06841701311034266
-0.024622931982382978
1.0102644221692696
-0.3546711834417846
-0.0016937933583568011
-0.34922508741692687
-0.02990414083022731
0.21620810434576673
-0.17763991095089968
0.6397982459170097
-0.31163711981053605
-0.22224137778073894
0.30058806472335775
0.7019195800803372
-0.48874521655686926
0.8018594925456543
0.11374796039725867
-0.3096023400286101
0.3276689203387952
-0.1667280948069945
0.2133723999571755
-0.7469026137233976
0.6742364533236327
-0.3916833985084205
-0.0879820166377409
0.054320960552458
0.45007346492533
0.2422805805096951
-0.11312711354680809
-0.3585519986756041
0.36901643232433706
0.02149740344184165
-0.5070512318877415
0.13421094850037715
0.23382871139751288
0.4155271746317581
-0.012563989687112894
0.3211167282116399
0.23901666898742543
0.38657530453151645
-0.5313814559920547
0.0765992860508855
-0.15701884108211908
-0.3323657300723092
-0.2734056150338313
-0.6505768300695679
-0.2562763097791653
-0.02376181583648701
-0.38806769074816927
0.3634043146300219
-0.8294295856859745
0.20354546389456082
0.3876868787372863
-0.5134452209323669
0.7400960506711338
-0.06744151073766567
-0.15152597714306837
-0.09804285931522368
0.052726164761171174
0.9062183348028376
-0.22781550642820814
-0.37954527698359186
-0.05261310104499142
0.43508987870678373
-0.06035022480506792
0.060049299161060485
0.23270513766354428
-0.025778375009955997
-0.08108682244667413
-0.1351079883003535
0.21194998605305615
0.16938656678788855
0.29379651148275804
-0.4953634470701767
-0.9486202988013726
0.4263650978346436
0.3280509616470865
-0.14847174783515757
-0.2177446926499584
-0.014807817231969904
0.5180820530016325
-0.51303276904039
0.3396006467534785
-0.368856862098725
0.15683923222689122
-0.06990666672846814
-0.22673657014925977
0.1373961486438048
0.5819880215072014
0.2933145318862476
-0.14565014063581289
0.19993129466292264
0.09587334047885515
0.9183464885483527
0.3890028612169594
0.14611319598132275
-0.09930419954840798
0.3902750320208637
0.4445802455634542
0.6695604441594649
-0.08324788381561896
0.20572242563616303
-0.2607655209675571
-0.16171317944701594
0.9063546738565204
-0.2502971242892632
-0.010549585485055652
-0.08834683697427848
-0.21687204803451113
0.8099166170582969
-0.09564534660270099
-0.32703342846996725
0.22272044006350658
-0.5049286293522643
0.10092916982903562
0.0556830282433768
0.6335393946763853
-0.03879501203192183
0.36207682874196473
-0.19304570744161045
0.09253832255959489
0.3079314690367603
-0.1575059739866742
-0.17090784163216644
0.20934779894904337
0.141996062944433
-0.04647003301704712
0.2216132421830054
-0.10958475384638144
0.022683489200103494
-0.27284603482337194
0.48093635362267334
0.6098521241413027
-0.3093144897280832
0.06771879607087479
0.13544033548293694
0.09618680516716727
-0.38779819603426957
0.23466553126407327
0.033607060344151146
-0.3002358202198373
-0.2515300746264138
-0.5554111109951437
0.22489524110732145
-0.14975087292768877
0.31591255387261985
-0.5147979891243387
-0.5955880823066683
0.3711845290711781
-0.3015132075453001
0.3155111206114101
-0.06822155669148947
-0.45662613497735427
0.5372446730488626
-0.15431513069874478
-0.3163087570211642
0.4306771235611314
0.13290618073588162
-0.2815304928197269
0.234398322896148
-0.7341183156108978
0.9435576071812752
0.23730257533746152
-0.30901374670849985
-0.1836491134923208
-0.2707809175378827
0.27634675752345866
-0.480270013002344
0.15775338584441123
0.050648396099233085
-0.10805290957830474
0.19811177332046032
0.08772472651547114
-0.18349898605353743
0.3992076890026763
-0.12923087989016432
-0.5790851409109922
0.15294521432390396
0.3561856016192725
-0.9932125287191887
0.4193742472368424
-0.1120890901654505
-0.09955688997401478
-0.3418874933381817
-0.6203475727324522
0.6785712303290464
0.0018429878968016418
-0.00019881156958913382
0.6088162583329013
-0.2838151846220096
-0.2518779808678441
-0.11195249439414491
-0.10600421803779753
-0.3302780563139071
0.06416153010235538
0.4070422855401832
0.22889207058822153
0.5724140159746628
-0.5439403937987213
0.45105792566263136
0.21989032457836408
-0.22850304406527544
-0.14225572649910903
0.48531817009147016
0.18880505404112002
-0.46440052793497555
0.723672044016126
0.07286793028190465
-0.9832835913295597
0.7804947559790734
0.004750968595709915
0.4705498070853005
-0.1411299019822141
0.8475050172779948
-0.4466325063035982
0.2091989919562912
0.547735751835069
0.13970544268326993
-0.48057715243653043
0.12178285807296971
0.12204071941377574
0.06688116605062967
-0.31270124059574306
0.8423679996716135
0.06820451976108986
-0.1289380063995723
-0.4673823903247674
0.4690455410390516
-0.6371438908038293
-0.06411724947965948
0.17603119393922698
-0.42223048950895387
0.07435787424106495
-0.5635239081309624
-0.30809406264342676
0.3202578731810829
0.10270820090518898
0.2973686309076698
-0.3839921739388053
0.5088203616002329
-0.004103722495787997
0.17635518006559947
0.20366748155977457
-0.5618444424694622
0.4437664413410793
-0.03980636137171177
-0.4667884912483985
0.9969605475436647
-0.526122708211988
0.008989420497392132
0.5855581116145417
-0.7117895053871014
0.3038857294985239
0.07705004589761646
0.6967228763571345
0.251004998028668
-0.22468139546536062
-0.20984294229220368
0.03839843240175284
0.07185950166753957
-0.3753929228869969
0.0536204220479613
0.5480748711265546
-0.45563100201369505
0.1070510389012462
-0.1897232606747115
0.2508539152585674
-0.0905853762445769
-0.011361161872152388
-0.3300894983554177
-0.11390988725986234
-0.5176211818162215
-0.36323978940178586
0.5862592222079558
0.4364062191857393
-0.0763908972956875
-0.2327243170823352
0.25092109863664575
0.5840003828031528
0.2986368479819489
0.036889124314588954
0.8509544797231299
-0.37151947476276787
0.0004278626897158732
-0.027356632931678917
-0.36135068954782495
0.4814565758814481
0.02308032108016939
-0.23571921799167966
-0.7821214419464148
0.5361109342668801
-0.3837061390883324
0.45217525854150764
-0.8606777812791843
0.3069323281794959
-0.6590114334159027
-0.36367374267321295
0.6723267847877523
-0.6323929382430175
-0.052328467934620274
-0.03578147433030982
-0.06331075117195245
0.08935520974775661
-0.4071078684921346
-0.05690965809472015
0.09644275182491638
-0.12694660881173253
0.39789200155790183
-0.6711812336391375
-0.26558776982830606
0.024316482424063982
0.22353637493398634
0.15662778761198315
0.5768686249031086
-0.38817494401962566
0.2026258026100273
-0.29154290794977894
0.11422585216350022
0.04275949456447045
0.19379815124806365
-0.12238662700679508
-0.2937116996593957
-0.5191179065970125
-0.24321891122335473
0.6347718239798366
-0.4823423055980363
-0.1345775071354906
-0.21819127011642514
0.4203470362445523
0.48384563696334915
0.02963936497421343
-0.2129975441999118
-0.6641779602931125
-0.04898339211206353
0.20796900999240442
-0.03028079807154049
0.22024311693497764
0.8794484501279753
-0.6820477012115556
-0.028048209870631252
0.5330835446559876
0.29731426185613413
-0.011353568331724613
0.09270943773514145
0.22735446008193952
-0.02665566305121904
-0.028356002146518115
-0.021246481844288602
0.7139519830777084
0.49639802428183366
-0.2668598123238504
0.10074339075865521
-0.5610989933228278
0.661331363676442
-0.48448694239799356
0.0800971187284831
0.79012152104996
0.3272511148872271
-0.5260436837263931
0.08091546900297085
-0.1961410211534519
-0.10337045883684978
-0.13715923053235057
-0.563194696764162
-0.3108424773598273
0.17568081946814607
0.2208087252787712
0.2900351499116992
0.5655461348651862
0.1302967611539787
-0.0665975342604928
-0.32379386909717567
0.05391176682074118
0.5802543547900475
-0.09217843034856221
-0.24000732006782932
-0.17926671762711366
-0.3133275530975986
-0.06986783673568239
0.21389002786905256
0.31939359280086344
-0.3482327473438778
0.17827418698478048
-0.5222563603748226
0.395408757071926
0.24227298471330314
-0.11161384934875193
0.6257689197429376
-0.4197781078762926
-0.38025967770269703
0.5266691548836059
-0.6007050612495546
-0.10428423179620394
-0.7085477988049638
0.6262132612198091
0.22247351275363425
-0.709561518775535
0.44159248812777213
-0.8551393905294064
0.3276621960292488
0.35899237997816363
-0.41729253719638454
0.31637187631210417
-0.29214754754838357
-0.35939552705323685
-0.17106606545589015
-0.05882216085410708
-0.18355971979220023
0.3451591697028389
0.001253918381142465
-0.1574136838090213
0.6100877263817946
0.017982954891623826
0.19492715899438928
-0.5876345106551838
-0.03732477805165001
0.14677838759997047
0.06693004617667592
0.5305689585021375
0.2367604904729274
-0.36140131093424144
0.0034863306540873977
-0.08537639505991632
-0.37976973623905347
0.624671328596173
-0.1760786813897964
0.14843234929749927
-0.3880099645786981
0.020642724707531288
0.01096071233915492
0.36019505485646197
-0.29277231535973997
0.18921538736071047
-0.5510005997205097
-0.05863757035648216
-0.0675805534011554
-0.10651634070047464
0.1387106082208043
-0.2599891351904322
0.10776288826485238
-0.25840566462824227
0.6160352879963873
-0.10506709410456605
0.2670043817826961
-0.05869283458529779
0.4829494412887033
0.20841373341947192
-0.13236537214807229
-0.009160793447470547
0.0864859670308495
0.09293269241753181
-0.1912399036934005
0.7103138178003497
-0.4515269037935306
0.03132601059366258
0.19989018106269554
-0.17044284827430678
-0.24559509242710473
0.5006148212372121
-0.2866771209880095
-0.02400659148223582
0.1724987433421155
-0.12159655262296426
0.10195350889932618
-0.06382150647651977
-0.4671820781981817
-0.3970205632314499
0.2674427810214834
0.09181809265462046
